0.314159265358979 0.000000000546518
0.157079632679490 0.000000000000547
0.104719755119660 0.000000000000046
0.078539816339745 0.000000000000067
0.062831853071796 0.000000000000123
0.052359877559830 0.000000000000014
0.044879895051283 0.000000000000437
0.039269908169872 0.000000000000098
0.034906585039887 0.000000000000113
0.031415926535898 0.000000000000070
0.028559933214453 0.000000000000656
0.026179938779915 0.000000000000135
0.024166097335306 0.000000000000946
0.022439947525641 0.000000000000531
0.020943951023932 0.000000000001473
0.019634954084936 0.000000000001542
0.018479956785822 0.000000000000632
0.017453292519943 0.000000000001836
0.016534698176788 0.000000000002830
0.015707963267949 0.000000000000095
0.014959965017094 0.000000000000729
0.014279966607226 0.000000000003127
0.013659098493869 0.000000000000911
0.013089969389957 0.000000000003306
0.012566370614359 0.000000000001393
0.012083048667653 0.000000000006427
0.011635528346629 0.000000000004307
0.011219973762821 0.000000000003394
0.010833078115827 0.000000000004623
0.010471975511966 0.000000000003655
0.010134169850290 0.000000000002319
0.009817477042468 0.000000000000638
0.009519977738151 0.000000000006007
0.009239978392911 0.000000000003139
0.008975979010257 0.000000000000010
0.008726646259972 0.000000000004741
0.008490790955648 0.000000000019458
0.008267349088394 0.000000000001263
0.008055365778435 0.000000000005638
