0.314159265358979 0.000342256489383
0.157079632679490 0.002277888590625
0.104719755119660 0.005373374527669
0.078539816339745 0.009664154731827
0.062831853071796 0.015163149274664
0.052359877559830 0.021875247253666
0.044879895051283 0.029802654875757
0.039269908169872 0.038946505078744
0.034906585039887 0.049307437277083
0.031415926535898 0.060885839032912
0.028559933214453 0.073681958697166
0.026179938779915 0.087695962656691
0.024166097335306 0.102927966525392
0.022439947525641 0.119378053125073
0.020943951023932 0.137046283320967
0.019634954084936 0.155932702833341
0.018479956785822 0.176037346681883
0.017453292519943 0.197360242137707
0.016534698176788 0.219901410746310
0.015707963267949 0.243660869758556
0.014959965017094 0.268638633154531
0.014279966607226 0.294834712367106
0.013659098493869 0.322249116858862
0.013089969389957 0.350881854504977
0.012566370614359 0.380732931933941
0.012083048667653 0.411802354759266
0.011635528346629 0.444090127757104
0.011219973762821 0.477596255021614
0.010833078115827 0.512320740077490
0.010471975511966 0.548263586011501
0.010134169850290 0.585424795454973
0.009817477042468 0.623804370766133
0.009519977738151 0.663402313987977
0.009239978392911 0.704218626940570
0.008975979010257 0.746253311224084
0.008726646259972 0.789506368260785
0.008490790955648 0.833977799322354
0.008267349088394 0.879667605552502
0.008055365778435 0.926575787966412
