0.314159265358979 0.000107282943814
0.157079632679490 0.000006749634850
0.104719755119660 0.000001334893860
0.078539816339745 0.000000422549639
0.062831853071796 0.000000173110432
0.052359877559830 0.000000083492162
0.044879895051283 0.000000045069594
0.039269908169872 0.000000026420118
0.034906585039887 0.000000016494750
0.031415926535898 0.000000010822125
0.028559933214453 0.000000007392070
0.026179938779915 0.000000005219667
0.024166097335306 0.000000003789346
0.022439947525641 0.000000002816831
0.020943951023932 0.000000002137124
0.019634954084936 0.000000001651625
0.018479956785822 0.000000001296793
0.017453292519943 0.000000001031336
0.016534698176788 0.000000000829214
0.015707963267949 0.000000000675361
0.014959965017094 0.000000000559749
0.014279966607226 0.000000000464084
0.013659098493869 0.000000000384763
0.013089969389957 0.000000000329495
0.012566370614359 0.000000000275562
0.012083048667653 0.000000000233587
0.011635528346629 0.000000000197081
0.011219973762821 0.000000000173859
0.010833078115827 0.000000000160296
0.010471975511966 0.000000000129867
0.010134169850290 0.000000000121731
0.009817477042468 0.000000000108708
0.009519977738151 0.000000000098960
0.009239978392911 0.000000000083937
0.008975979010257 0.000000000065554
0.008726646259972 0.000000000071674
0.008490790955648 0.000000000054662
0.008267349088394 0.000000000049718
0.008055365778435 0.000000000054092
