0.314159265358979 0.000133895653331
0.157079632679490 0.000008433809113
0.104719755119660 0.000001668333660
0.078539816339745 0.000000528136931
0.062831853071796 0.000000216375386
0.052359877559830 0.000000104360724
0.044879895051283 0.000000056335704
0.039269908169872 0.000000033025099
0.034906585039887 0.000000020618119
0.031415926535898 0.000000013528428
0.028559933214453 0.000000009239179
0.026179938779915 0.000000006523541
0.024166097335306 0.000000004736555
0.022439947525641 0.000000003520588
0.020943951023932 0.000000002672694
0.019634954084936 0.000000002066104
0.018479956785822 0.000000001618516
0.017453292519943 0.000000001288324
0.016534698176788 0.000000001036572
0.015707963267949 0.000000000849198
0.014959965017094 0.000000000692838
0.014279966607226 0.000000000576750
0.013659098493869 0.000000000481891
0.013089969389957 0.000000000406164
0.012566370614359 0.000000000343646
0.012083048667653 0.000000000295827
0.011635528346629 0.000000000247470
0.011219973762821 0.000000000218581
0.010833078115827 0.000000000191498
0.010471975511966 0.000000000165174
0.010134169850290 0.000000000151733
0.009817477042468 0.000000000134182
0.009519977738151 0.000000000105488
0.009239978392911 0.000000000096336
0.008975979010257 0.000000000090124
0.008726646259972 0.000000000081451
0.008490790955648 0.000000000069568
0.008267349088394 0.000000000058016
0.008055365778435 0.000000000072544
