0.314159265358979 0.000001690615253
0.157079632679490 0.000000026721717
0.104719755119660 0.000000002350964
0.078539816339745 0.000000000418734
0.062831853071796 0.000000000109796
0.052359877559830 0.000000000036764
0.044879895051283 0.000000000014442
0.039269908169872 0.000000000006622
0.034906585039887 0.000000000002586
0.031415926535898 0.000000000002539
0.028559933214453 0.000000000000314
0.026179938779915 0.000000000000739
0.024166097335306 0.000000000000185
0.022439947525641 0.000000000001058
0.020943951023932 0.000000000000471
0.019634954084936 0.000000000000076
0.018479956785822 0.000000000000700
0.017453292519943 0.000000000002613
0.016534698176788 0.000000000001594
0.015707963267949 0.000000000001339
0.014959965017094 0.000000000003013
0.014279966607226 0.000000000002112
0.013659098493869 0.000000000001559
0.013089969389957 0.000000000001272
0.012566370614359 0.000000000000657
0.012083048667653 0.000000000006339
0.011635528346629 0.000000000000807
0.011219973762821 0.000000000001461
0.010833078115827 0.000000000004220
0.010471975511966 0.000000000002302
0.010134169850290 0.000000000007299
0.009817477042468 0.000000000004237
0.009519977738151 0.000000000008443
0.009239978392911 0.000000000000015
0.008975979010257 0.000000000003174
0.008726646259972 0.000000000000246
0.008490790955648 0.000000000000019
0.008267349088394 0.000000000010953
0.008055365778435 0.000000000001206
