0.314159265358979 0.000000029454242
0.157079632679490 0.000000000116962
0.104719755119660 0.000000000004570
0.078539816339745 0.000000000000386
0.062831853071796 0.000000000000107
0.052359877559830 0.000000000000120
0.044879895051283 0.000000000000125
0.039269908169872 0.000000000000274
0.034906585039887 0.000000000000146
0.031415926535898 0.000000000000596
0.028559933214453 0.000000000000296
0.026179938779915 0.000000000000213
0.024166097335306 0.000000000000745
0.022439947525641 0.000000000001444
0.020943951023932 0.000000000001088
0.019634954084936 0.000000000000269
0.018479956785822 0.000000000002967
0.017453292519943 0.000000000003679
0.016534698176788 0.000000000002240
0.015707963267949 0.000000000001084
0.014959965017094 0.000000000005938
0.014279966607226 0.000000000002351
0.013659098493869 0.000000000002496
0.013089969389957 0.000000000002569
0.012566370614359 0.000000000010070
0.012083048667653 0.000000000000951
0.011635528346629 0.000000000005973
0.011219973762821 0.000000000001879
0.010833078115827 0.000000000002800
0.010471975511966 0.000000000001627
0.010134169850290 0.000000000002026
0.009817477042468 0.000000000000627
0.009519977738151 0.000000000003842
0.009239978392911 0.000000000003387
0.008975979010257 0.000000000008869
0.008726646259972 0.000000000011812
0.008490790955648 0.000000000001533
0.008267349088394 0.000000000000297
0.008055365778435 0.000000000004085
