0.314159265358979 0.000001644090564
0.157079632679490 0.000000025981197
0.104719755119660 0.000000002285818
0.078539816339745 0.000000000407144
0.062831853071796 0.000000000106845
0.052359877559830 0.000000000035955
0.044879895051283 0.000000000014095
0.039269908169872 0.000000000006098
0.034906585039887 0.000000000003546
0.031415926535898 0.000000000001436
0.028559933214453 0.000000000000760
0.026179938779915 0.000000000000881
0.024166097335306 0.000000000001461
0.022439947525641 0.000000000001691
0.020943951023932 0.000000000000967
0.019634954084936 0.000000000000911
0.018479956785822 0.000000000000535
0.017453292519943 0.000000000000197
0.016534698176788 0.000000000000167
0.015707963267949 0.000000000000184
0.014959965017094 0.000000000003638
0.014279966607226 0.000000000001710
0.013659098493869 0.000000000005800
0.013089969389957 0.000000000002951
0.012566370614359 0.000000000002414
0.012083048667653 0.000000000003407
0.011635528346629 0.000000000005555
0.011219973762821 0.000000000002580
0.010833078115827 0.000000000001702
0.010471975511966 0.000000000001338
0.010134169850290 0.000000000004552
0.009817477042468 0.000000000003773
0.009519977738151 0.000000000002222
0.009239978392911 0.000000000007027
0.008975979010257 0.000000000007200
0.008726646259972 0.000000000006712
0.008490790955648 0.000000000002944
0.008267349088394 0.000000000011455
0.008055365778435 0.000000000001203
