2.500000000000000 0.282653422686526
2.000000000000000 0.182886743181608
1.666666666666667 0.095841833359482
1.428571428571429 0.039960509983597
1.250000000000000 0.014232927902462
1.111111111111111 0.004999165360257
1.000000000000000 0.001996801839109
0.909090909090909 0.000950191045652
0.833333333333333 0.000512052063891
0.769230769230769 0.000295066176273
0.714285714285714 0.000176809839032
0.666666666666667 0.000109066865244
0.625000000000000 0.000068976907002
0.588235294117647 0.000044613344161
0.555555555555556 0.000029452453468
0.526315789473684 0.000019812293579
0.500000000000000 0.000013559756968
0.476190476190476 0.000009429569749
0.454545454545455 0.000006654797110
0.434782608695652 0.000004761171191
0.416666666666667 0.000003449912685
0.400000000000000 0.000002529517164
0.384615384615385 0.000001875245069
0.370370370370370 0.000001404612422
0.357142857142857 0.000001062304086
0.344827586206897 0.000000810727611
0.333333333333333 0.000000624019243
0.322580645161290 0.000000484172626
0.312500000000000 0.000000378514577
0.303030303030303 0.000000298030957
0.294117647058824 0.000000236247796
0.285714285714286 0.000000188471594
0.277777777777778 0.000000151269655
0.270270270270270 0.000000122109915
0.263157894736842 0.000000099110706
0.256410256410256 0.000000080862235
