2.500000000000000 0.277119132731581
2.000000000000000 0.176015804974392
1.666666666666667 0.089469391584451
1.428571428571429 0.035600309047982
1.250000000000000 0.011787000952044
1.111111111111111 0.003684896323384
1.000000000000000 0.001258726169871
0.909090909090909 0.000512291697633
0.833333333333333 0.000242267302268
0.769230769230769 0.000124847245940
0.714285714285714 0.000067462922450
0.666666666666667 0.000037676782737
0.625000000000000 0.000021636384946
0.588235294117647 0.000012743084102
0.555555555555556 0.000007682381230
0.526315789473684 0.000004732664423
0.500000000000000 0.000002974621933
0.476190476190476 0.000001904854390
0.454545454545455 0.000001241186528
0.434782608695652 0.000000821953768
0.416666666666667 0.000000552619470
0.400000000000000 0.000000376831518
0.384615384615385 0.000000260386712
0.370370370370370 0.000000182173724
0.357142857142857 0.000000128948462
0.344827586206897 0.000000092280225
0.333333333333333 0.000000066725676
0.322580645161290 0.000000048719605
0.312500000000000 0.000000035901670
0.303030303030303 0.000000026687404
0.294117647058824 0.000000020001810
0.285714285714286 0.000000015108812
0.277777777777778 0.000000011497521
0.270270270270270 0.000000008811211
0.263157894736842 0.000000006798166
0.256410256410256 0.000000005278162
