2.500000000000000 0.273330686978201
2.000000000000000 0.171390578565344
1.666666666666667 0.085314652726389
1.428571428571429 0.032896502674982
1.250000000000000 0.010374446000539
1.111111111111111 0.002998513725763
1.000000000000000 0.000923932579468
0.909090909090909 0.000351237366294
0.833333333333333 0.000174483663732
0.769230769230769 0.000111584385201
0.714285714285714 0.000088733569147
0.666666666666667 0.000082810957638
0.625000000000000 0.000084916169819
0.588235294117647 0.000091169204200
0.555555555555556 0.000099773982057
0.526315789473684 0.000109868759824
0.500000000000000 0.000121027968098
0.476190476190476 0.000133035822168
0.454545454545455 0.000145780157990
0.434782608695652 0.000159201295420
0.416666666666667 0.000173266768109
0.400000000000000 0.000187958541643
0.384615384615385 0.000203266399152
0.370370370370370 0.000219184442378
0.357142857142857 0.000235709207781
0.344827586206897 0.000252838625609
0.333333333333333 0.000270571439421
0.322580645161290 0.000288906876558
0.312500000000000 0.000307844453719
0.303030303030303 0.000327383864618
0.294117647058824 0.000347524912547
0.285714285714286 0.000368267471462
0.277777777777778 0.000389611456461
0.270270270270270 0.000411556813244
0.263157894736842 0.000434103504162
0.256410256410256 0.000457251503348
