2.500000000000000 0.307250975740489
2.000000000000000 0.214766725068543
1.666666666666667 0.127945500404614
1.428571428571429 0.064860800952631
1.250000000000000 0.030582328265834
1.111111111111111 0.015520675488571
1.000000000000000 0.009147731878137
0.909090909090909 0.006078958711670
0.833333333333333 0.004317102742017
0.769230769230769 0.003178317505923
0.714285714285714 0.002396500483292
0.666666666666667 0.001841544728549
0.625000000000000 0.001438216865727
0.588235294117647 0.001139325231925
0.555555555555556 0.000914037922613
0.526315789473684 0.000741653664861
0.500000000000000 0.000607958676719
0.476190476190476 0.000503000623666
0.454545454545455 0.000419688140372
0.434782608695652 0.000352888206599
0.416666666666667 0.000298831878811
0.400000000000000 0.000254715494461
0.384615384615385 0.000218428382682
0.370370370370370 0.000188364000058
0.357142857142857 0.000163287028090
0.344827586206897 0.000142238597672
0.333333333333333 0.000124467869072
0.322580645161290 0.000109382072160
0.312500000000000 0.000096509638053
0.303030303030303 0.000085472718453
0.294117647058824 0.000075966517282
0.285714285714286 0.000067743603335
0.277777777777778 0.000060601911397
0.270270270270270 0.000054375491576
0.263157894736842 0.000048927325749
0.256410256410256 0.000044143709475
