2.500000000000000 0.291384972491767
2.000000000000000 0.193971470923077
1.666666666666667 0.106565959209577
1.428571428571429 0.047782668221469
1.250000000000000 0.018993896682545
1.111111111111111 0.007815623291164
1.000000000000000 0.003750625620013
0.909090909090909 0.002103263217171
0.833333333333333 0.001297111583744
0.769230769230769 0.000841317676406
0.714285714285714 0.000563172956680
0.666666666666667 0.000386333431357
0.625000000000000 0.000270678563326
0.588235294117647 0.000193248225681
0.555555555555556 0.000140326098458
0.526315789473684 0.000103475122814
0.500000000000000 0.000077377555851
0.476190476190476 0.000058608220097
0.454545454545455 0.000044917158869
0.434782608695652 0.000034799638367
0.416666666666667 0.000027232600309
0.400000000000000 0.000021509827152
0.384615384615385 0.000017136915622
0.370370370370370 0.000013763200625
0.357142857142857 0.000011136925617
0.344827586206897 0.000009075284396
0.333333333333333 0.000007444119922
0.322580645161290 0.000006143994938
0.312500000000000 0.000005100513835
0.303030303030303 0.000004257525300
0.294117647058824 0.000003572295150
0.285714285714286 0.000003012045817
0.277777777777778 0.000002551448931
0.270270270270270 0.000002170794292
0.263157894736842 0.000001854643478
0.256410256410256 0.000001590825735
