2.500000000000000 0.312239414775129
2.000000000000000 0.221385666709771
1.666666666666667 0.134891810571406
1.428571428571429 0.070513316290959
1.250000000000000 0.034401502461620
1.111111111111111 0.017988323739132
1.000000000000000 0.010816455518741
0.909090909090909 0.007272114929693
0.833333333333333 0.005202669944819
0.769230769230769 0.003850950587623
0.714285714285714 0.002915984349365
0.666666666666667 0.002248410841298
0.625000000000000 0.001760912157930
0.588235294117647 0.001398217866040
0.555555555555556 0.001123939580160
0.526315789473684 0.000913486572166
0.500000000000000 0.000749882025327
0.476190476190476 0.000621183721248
0.454545454545455 0.000518848636403
0.434782608695652 0.000436671826989
0.416666666666667 0.000370083771902
0.400000000000000 0.000315676471079
0.384615384615385 0.000270878464081
0.370370370370370 0.000233728550078
0.357142857142857 0.000202716023893
0.344827586206897 0.000176666397620
0.333333333333333 0.000154658688550
0.322580645161290 0.000135964876837
0.312500000000000 0.000120005129438
0.303030303030303 0.000106314371079
0.294117647058824 0.000094517085563
0.285714285714286 0.000084308170808
0.277777777777778 0.000075438268792
0.270270270270270 0.000067702442836
0.263157894736842 0.000060931371970
0.256410256410256 0.000054984460140
