2.500000000000000 0.291031852799537
2.000000000000000 0.193521776067956
1.666666666666667 0.106129316329487
1.428571428571429 0.047465392949653
1.250000000000000 0.018804986988348
1.111111111111111 0.007708079940697
1.000000000000000 0.003686418060501
0.909090909090909 0.002062566024425
0.833333333333333 0.001270215670384
0.769230769230769 0.000823057533840
0.714285714285714 0.000550523370567
0.666666666666667 0.000377415932878
0.625000000000000 0.000264290063154
0.588235294117647 0.000188602368259
0.555555555555556 0.000136899998241
0.526315789473684 0.000100915462173
0.500000000000000 0.000075441933897
0.476190476190476 0.000057127915788
0.454545454545455 0.000043773125710
0.434782608695652 0.000033906794172
0.416666666666667 0.000026529399340
0.400000000000000 0.000020951238941
0.384615384615385 0.000016689639511
0.370370370370370 0.000013402360802
0.357142857142857 0.000010843763364
0.344827586206897 0.000008835525317
0.333333333333333 0.000007246811132
0.322580645161290 0.000005980663682
0.312500000000000 0.000004964557581
0.303030303030303 0.000004143761007
0.294117647058824 0.000003476627449
0.285714285714286 0.000002931215976
0.277777777777778 0.000002482850478
0.270270270270270 0.000002112329385
0.263157894736842 0.000001804613464
0.256410256410256 0.000001547848478
