2.500000000000000 0.282638575145076
2.000000000000000 0.182868285663464
1.666666666666667 0.095824709312504
1.428571428571429 0.039948881422052
1.250000000000000 0.014226559880891
1.111111111111111 0.004995876919404
1.000000000000000 0.001995036218194
0.909090909090909 0.000949185273593
0.833333333333333 0.000511453087933
0.769230769230769 0.000294698813874
0.714285714285714 0.000176579476230
0.666666666666667 0.000108919559561
0.625000000000000 0.000068880963712
0.588235294117647 0.000044549750763
0.555555555555556 0.000029409596475
0.526315789473684 0.000019782954656
0.500000000000000 0.000013539373542
0.476190476190476 0.000009415209976
0.454545454545455 0.000006644547759
0.434782608695652 0.000004753765355
0.416666666666667 0.000003444499860
0.400000000000000 0.000002525517830
0.384615384615385 0.000001872259412
0.370370370370370 0.000001402363011
0.357142857142857 0.000001060593080
0.344827586206897 0.000000809415311
0.333333333333333 0.000000623004593
0.322580645161290 0.000000483382210
0.312500000000000 0.000000377894276
0.303030303030303 0.000000297541346
0.294117647058824 0.000000235858336
0.285714285714286 0.000000188160201
0.277777777777778 0.000000151018962
0.270270270270270 0.000000121907015
0.263157894736842 0.000000098946143
0.256410256410256 0.000000080727654
