6 818.573
6.1 647.383
6.2 508.739
6.3 396.857
6.4 306.946
6.5 235.044
6.6 177.874
6.7 132.731
6.8 97.3804
6.9 69.9829
7 49.023
7.1 33.255
7.2 21.6563
7.3 13.3886
7.4 7.76648
7.5 4.2301
7.6 2.32368
7.7 1.67702
7.8 1.99041
7.9 3.02206
8 4.57775
8.1 6.50223
8.2 8.67212
8.3 10.9901
8.4 13.38
8.5 15.7829
8.6 18.1538
8.7 20.459
8.8 22.6738
8.9 24.7807
9 26.7681
9.1 28.6288
9.2 30.3591
9.3 31.9584
9.4 33.4277
9.5 34.7701
9.6 35.9894
9.7 37.0907
9.8 38.0792
9.9 38.9609
10 39.7416
10.1 40.4273
10.2 41.0242
10.3 41.538
10.4 41.9744
10.5 42.339
10.6 42.6369
10.7 42.8733
10.8 43.0527
10.9 43.1797
11 43.2586
11.1 43.2931
11.2 43.2872
11.3 43.244
11.4 43.167
11.5 43.059
11.6 42.9229
11.7 42.7612
11.8 42.5763
11.9 42.3705
12 42.1457
12.1 41.9038
12.2 41.6466
12.3 41.3757
12.4 41.0927
12.5 40.7987
12.6 40.4952
12.7 40.1832
12.8 39.8639
12.9 39.5382
13 39.207
13.1 38.8712
13.2 38.5315
13.3 38.1886
13.4 37.8431
13.5 37.4956
13.6 37.1467
13.7 36.7969
13.8 36.4466
13.9 36.0962
14 35.746
14.1 35.3965
14.2 35.0479
14.3 34.7005
14.4 34.3546
14.5 34.0104
14.6 33.6681
14.7 33.3278
14.8 32.9898
14.9 32.6543
15 32.3213
15.1 31.9909
15.2 31.6633
15.3 31.3386
15.4 31.0169
15.5 30.6981
15.6 30.3825
15.7 30.07
15.8 29.7606
15.9 29.4545
16 29.1517
16.1 28.8521
16.2 28.5558
16.3 28.2628
16.4 27.9732
16.5 27.6869
16.6 27.4039
16.7 27.1242
16.8 26.8478
16.9 26.5748
17 26.305
17.1 26.0385
17.2 25.7752
17.3 25.5152
17.4 25.2584
17.5 25.0048
17.6 24.7544
17.7 24.507
17.8 24.2628
17.9 24.0217
18 23.7836
18.1 23.5486
18.2 23.3165
18.3 23.0874
18.4 22.8612
18.5 22.6379
18.6 22.4175
18.7 22.1998
18.8 21.985
18.9 21.7729
19 21.5636
19.1 21.3569
19.2 21.1529
19.3 20.9515
19.4 20.7526
19.5 20.5564
19.6 20.3626
19.7 20.1713
19.8 19.9825
19.9 19.7961
20 19.612
20.1 19.4303
20.2 19.2509
20.3 19.0738
20.4 18.8989
20.5 18.7263
20.6 18.5558
20.7 18.3875
20.8 18.2213
20.9 18.0572
21 17.8952
21.1 17.7352
21.2 17.5772
21.3 17.4212
21.4 17.2671
21.5 17.1149
21.6 16.9646
21.7 16.8162
21.8 16.6696
21.9 16.5248
22 16.3818
22.1 16.2406
22.2 16.101
22.3 15.9632
22.4 15.8271
22.5 15.6926
22.6 15.5597
22.7 15.4284
22.8 15.2988
22.9 15.1706
23 15.044
23.1 14.9189
23.2 14.7953
23.3 14.6732
23.4 14.5525
23.5 14.4333
23.6 14.3154
23.7 14.199
23.8 14.0839
23.9 13.9701
24 13.8577
24.1 13.7465
24.2 13.6367
24.3 13.5281
24.4 13.4208
24.5 13.3147
24.6 13.2098
24.7 13.1061
24.8 13.0036
24.9 12.9022
25 12.802
25.1 12.7029
25.2 12.605
25.3 12.5081
25.4 12.4123
25.5 12.3176
25.6 12.2239
25.7 12.1313
25.8 12.0397
