# ORDER OF GMN: 10
# ORDER OF RICHARDSON EXTRAPOLATION: 8
# MU : 34505.2 (A.M.U.); NON-STANDARD UNITS: 0.157217
# H VALUES: 0.25; 0.125; 0.0625
# LEFT RIGID BOUNDARY: 5.5
# RIGHT RIGID BOUNDARY: 50
J = 0
-124.112756
-95.053884
-70.506286
-50.277227
-34.119103
-21.717547
-12.682910
-6.550353
-2.792445
-0.841170
-0.108804

J = 1
-124.000740
-94.948811
-70.408679
-50.187676
-34.038259
-21.646111
-12.621607
-6.499903
-2.753541
-0.814490
-0.095077

J = 2
-123.776727
-94.738688
-70.213493
-50.008610
-33.876619
-21.503306
-12.499093
-6.399132
-2.675928
-0.761469
-0.068412

J = 3
-123.440753
-94.423559
-69.920787
-49.740103
-33.634282
-21.289261
-12.315549
-6.248301
-2.560009
-0.682799
-0.030579

J = 4
-122.992870
-94.003492
-69.530644
-49.382266
-33.311393
-21.004176
-12.071250
-6.047809
-2.406395
-0.579581

J = 5
-122.433153
-93.478577
-69.043180
-48.935247
-32.908148
-20.648315
-11.766568
-5.798194
-2.215932
-0.453399

J = 6
-121.761691
-92.848926
-68.458538
-48.399232
-32.424794
-20.222016
-11.401972
-5.500147
-1.989721
-0.306482

J = 7
-120.978593
-92.114677
-67.776891
-47.774446
-31.861632
-19.725686
-10.978038
-5.154519
-1.729158
-0.142021

J = 8
-120.083986
-91.275987
-66.998443
-47.061155
-31.219013
-19.159807
-10.495451
-4.762342
-1.435994

J = 9
-119.078017
-90.333041
-66.123427
-46.259663
-30.497345
-18.524943
-9.955017
-4.324844
-1.112415

J = 10
-117.960851
-89.286046
-65.152108
-45.370317
-29.697095
-17.821738
-9.357668
-3.843482
-0.761184

J = 11
-116.732672
-88.135232
-64.084784
-44.393507
-28.818788
-17.050926
-8.704478
-3.319975
-0.385870

J = 12
-115.393684
-86.880856
-62.921784
-43.329668
-27.863014
-16.213336
-7.996678
-2.756358

J = 13
-113.944110
-85.523201
-61.663471
-42.179280
-26.830429
-15.309897
-7.235671
-2.155048

J = 14
-112.384194
-84.062574
-60.310245
-40.942874
-25.721758
-14.341652
-6.423062
-1.518956

J = 15
-110.714200
-82.499310
-58.862540
-39.621029
-24.537805
-13.309764
-5.560688
-0.851642

J = 16
-108.934414
-80.833773
-57.320829
-38.214379
-23.279453
-12.215535
-4.650657
-0.157594

J = 17
-107.045142
-79.066352
-55.685622
-36.723615
-21.947672
-11.060415
-3.695403

J = 18
-105.046713
-77.197468
-53.957472
-35.149488
-20.543531
-9.846027
-2.697767

J = 19
-102.939478
-75.227572
-52.136975
-33.492812
-19.068200
-8.574193
-1.661102

J = 20
-100.723812
-73.157146
-50.224770
-31.754472
-17.522965
-7.246962
-0.589442

J = 21
-98.400112
-70.986706
-48.221546
-29.935424
-15.909243
-5.866652

J = 22
-95.968801
-68.716799
-46.128042
-28.036707
-14.228591
-4.435907

J = 23
-93.430328
-66.348013
-43.945050
-26.059448
-12.482732
-2.957767

J = 24
-90.785167
-63.880969
-41.673418
-24.004866
-10.673575
-1.435773

J = 25
-88.033819
-61.316331
-39.314059
-21.874290
-8.803244

J = 26
-85.176816
-58.654801
-36.867950
-19.669165
-6.874119

J = 27
-82.214715
-55.897129
-34.336139
-17.391066
-4.888879

J = 28
-79.148108
-53.044110
-31.719752
-15.041718
-2.850573

J = 29
-75.977618
-50.096588
-29.020003
-12.623015
-0.762704

J = 30
-72.703901
-47.055461
-26.238194
-10.137044

J = 31
-69.327648
-43.921686
-23.375736
-7.586118

J = 32
-65.849589
-40.696278
-20.434150
-4.972818

J = 33
-62.270493
-37.380322
-17.415089
-2.300043

J = 34
-58.591170
-33.974973
-14.320350

J = 35
-54.812474
-30.481466
-11.151895

J = 36
-50.935309
-26.901122
-7.911878

J = 37
-46.960626
-23.235357
-4.602674

J = 38
-42.889433
-19.485695
-1.226920

J = 39
-38.722794
-15.653776

J = 40
-34.461837
-11.741374

J = 41
-30.107759
-7.750415

J = 42
-25.661830
-3.682996

J = 43
-21.125402

J = 44
-16.499917

J = 45
-11.786917

J = 46
-6.988052

J = 47
-2.105098

J = 48

J = 49

J = 50

