0.500000000000000 0.000002966930872
0.400000000000000 0.000000374185483
0.333333333333333 0.000000068762712
0.285714285714286 0.000000020881027
0.250000000000000 0.000000012756580
0.222222222222222 0.000000012117489
0.200000000000000 0.000000012956382
0.181818181818182 0.000000013983363
0.166666666666667 0.000000014913835
0.153846153846154 0.000000015701266
0.142857142857143 0.000000016356618
0.133333333333333 0.000000016901658
0.125000000000000 0.000000017357249
0.117647058823529 0.000000017740786
0.111111111111111 0.000000018066104
0.105263157894737 0.000000018344115
0.100000000000000 0.000000018583408
0.095238095238095 0.000000018790521
0.090909090909091 0.000000018971269
0.086956521739130 0.000000019129435
0.083333333333333 0.000000019269209
0.080000000000000 0.000000019392710
0.076923076923077 0.000000019502527
0.074074074074074 0.000000019600734
0.071428571428571 0.000000019689103
0.068965517241379 0.000000019768423
0.066666666666667 0.000000019840017
0.064516129032258 0.000000019905090
0.062500000000000 0.000000019964221
0.060606060606061 0.000000020017988
0.058823529411765 0.000000020067116
0.057142857142857 0.000000020112092
0.055555555555556 0.000000020154082
0.054054054054054 0.000000020191760
0.052631578947368 0.000000020226998
0.051282051282051 0.000000020259722
0.050000000000000 0.000000020290484
0.048780487804878 0.000000020318658
0.047619047619048 0.000000020344402
0.046511627906977 0.000000020368769
0.045454545454545 0.000000020391984
0.044444444444444 0.000000020412669
0.043478260869565 0.000000020432228
0.042553191489362 0.000000020450965
0.041666666666667 0.000000020468235
0.040816326530612 0.000000020484726
0.040000000000000 0.000000020500553
0.039215686274510 0.000000020514838
0.038461538461538 0.000000020528649
0.037735849056604 0.000000020541964
0.037037037037037 0.000000020553588
0.036363636363636 0.000000020565022
0.035714285714286 0.000000020576722
0.035087719298246 0.000000020586969
0.034482758620690 0.000000020597107
0.033898305084746 0.000000020605395
