0.500000000000000 0.000252891399173
0.400000000000000 0.000102267140913
0.333333333333333 0.000048979854940
0.285714285714286 0.000026328943768
0.250000000000000 0.000015392266579
0.222222222222222 0.000009591720365
0.200000000000000 0.000006284892962
0.181818181818182 0.000004288513406
0.166666666666667 0.000003025749784
0.153846153846154 0.000002195513221
0.142857142857143 0.000001631549310
0.133333333333333 0.000001237622929
0.125000000000000 0.000000955747907
0.117647058823529 0.000000749755657
0.111111111111111 0.000000596396672
0.105263157894737 0.000000480323976
0.100000000000000 0.000000391168153
0.095238095238095 0.000000321773514
0.090909090909091 0.000000267108739
0.086956521739130 0.000000223575965
0.083333333333333 0.000000188561960
0.080000000000000 0.000000160142444
0.076923076923077 0.000000136881205
0.074074074074074 0.000000117694451
0.071428571428571 0.000000101754929
0.068965517241379 0.000000088425045
0.066666666666667 0.000000077208117
0.064516129032258 0.000000067714855
0.062500000000000 0.000000059637193
0.060606060606061 0.000000052728610
0.058823529411765 0.000000046792266
0.057142857142857 0.000000041668108
0.055555555555556 0.000000037226693
0.054054054054054 0.000000033361745
0.052631578947368 0.000000029985562
0.051282051282051 0.000000027025752
0.050000000000000 0.000000024422664
0.048780487804878 0.000000022124912
0.047619047619048 0.000000020091907
0.046511627906977 0.000000018286932
0.045454545454545 0.000000016679723
0.044444444444444 0.000000015245816
0.043478260869565 0.000000013962500
0.042553191489362 0.000000012811500
0.041666666666667 0.000000011776576
0.040816326530612 0.000000010844502
0.040000000000000 0.000000010002626
0.039215686274510 0.000000009240367
0.038461538461538 0.000000008549747
0.037735849056604 0.000000007922684
0.037037037037037 0.000000007351740
0.036363636363636 0.000000006831562
0.035714285714286 0.000000006355976
0.035087719298246 0.000000005921639
0.034482758620690 0.000000005523297
0.033898305084746 0.000000005158748
