0.500000000000000 0.000075441933753
0.400000000000000 0.000020951238811
0.333333333333333 0.000007246810986
0.285714285714286 0.000002931216216
0.250000000000000 0.000001332634876
0.222222222222222 0.000000663230293
0.200000000000000 0.000000354727636
0.181818181818182 0.000000201185626
0.166666666666667 0.000000119793487
0.153846153846154 0.000000074315864
0.142857142857143 0.000000047746629
0.133333333333333 0.000000031618906
0.125000000000000 0.000000021498902
0.117647058823529 0.000000014961416
0.111111111111111 0.000000010628639
0.105263157894737 0.000000007690686
0.100000000000000 0.000000005657597
0.095238095238095 0.000000004224451
0.090909090909091 0.000000003197349
0.086956521739130 0.000000002449973
0.083333333333333 0.000000001898845
0.080000000000000 0.000000001486943
0.076923076923077 0.000000001175469
0.074074074074074 0.000000000937504
0.071428571428571 0.000000000754032
0.068965517241379 0.000000000610977
0.066666666666667 0.000000000498521
0.064516129032258 0.000000000409646
0.062500000000000 0.000000000338690
0.060606060606061 0.000000000281574
0.058823529411765 0.000000000235592
0.057142857142857 0.000000000197874
0.055555555555556 0.000000000167230
0.054054054054054 0.000000000141696
0.052631578947368 0.000000000120985
0.051282051282051 0.000000000103590
0.050000000000000 0.000000000089019
0.048780487804878 0.000000000076678
0.047619047619048 0.000000000066261
0.046511627906977 0.000000000057475
0.045454545454545 0.000000000050008
0.044444444444444 0.000000000043865
0.043478260869565 0.000000000038501
0.042553191489362 0.000000000033942
0.041666666666667 0.000000000029445
0.040816326530612 0.000000000026592
0.040000000000000 0.000000000023324
0.039215686274510 0.000000000020531
0.038461538461538 0.000000000018185
0.037735849056604 0.000000000016493
0.037037037037037 0.000000000014319
0.036363636363636 0.000000000013527
0.035714285714286 0.000000000011847
0.035087719298246 0.000000000010745
0.034482758620690 0.000000000009676
0.033898305084746 0.000000000008638
