1 0.000013559757067
2 0.000141380947849
3 0.000737290447243
4 0.002608986328993
5 0.007158350975227
6 0.016440825424113
7 0.033193574186084
8 0.060885493669335
9 0.103879798333603
10 0.167441027609057
11 0.260435356552511
12 0.383192315437659
13 0.605537796077373
14 0.732238098460209
15 1.386936794317677
16 1.051466710528990
17 2.017192874684310
18 1.107420345499090
19 2.106112924602872
20 0.855159004835588
21 1.855126392301205
22 0.315441800136501
23 1.315441186619978
24 0.497275627110220
25 0.502724363575474
26 1.575092673195215
27 0.575092673315400
28 2.913353760968135
29 1.913353761505935
30 4.509122644186647
31 3.509122657977812
32 6.360657817460890
33 5.360658151996923
34 8.477633309924570
35 7.477639298102332
36 11.061705185426334
37 10.061735486692456
38 15.330617203950482
39 14.330653842278068
