1 0.000000000000122
2 0.000000000001833
3 0.000000000011042
4 0.000000000042151
5 0.000000000124192
6 0.000000000306487
7 0.000000000664833
8 0.000000001306235
9 0.000000002374977
10 0.000000004058800
11 0.000000006593575
12 0.000000010269636
13 0.000000015436706
14 0.000000022509273
15 0.000000031973038
16 0.000000044389274
17 0.000000060400307
18 0.000000080735742
19 0.000000106216586
20 0.000000137760992
21 0.000000176389790
22 0.000000223231485
23 0.000000279527185
24 0.000000346636007
25 0.000000426039520
26 0.000000519346958
27 0.000000628294941
28 0.000000754732344
29 0.000000900529301
30 0.000001067168864
31 0.000001254062852
32 0.000001452047137
33 0.000001619739436
34 0.000001602635606
35 0.000000872727917
36 0.000002258242219
37 0.000012864718300
38 0.000045282818476
39 0.000137503229688
40 0.000383641957185
41 0.001000633823494
42 0.002450750149706
43 0.005637161996852
44 0.012161438322366
45 0.024571849544095
46 0.046464323620249
47 0.082293125095291
48 0.136865236611499
49 0.214680612541791
50 0.319382971967798
51 0.453506283843971
52 0.618522351023017
53 0.815067922329156
54 1.043215464338012
55 1.302704299264704
56 1.593105157445841
57 1.913923769196238
58 2.264659932417061
59 2.644837930091263
60 3.054020013161328
61 3.491810531905216
62 3.957855252809750
63 4.451838431125239
64 4.973479029920441
65 5.522526801787848
66 6.098758576492330
67 6.701974898123794
68 7.331997052152673
69 7.988664472313815
70 8.671832494937760
71 9.381370420620968
72 10.117159842704012
73 10.879093204903441
74 11.667072554668536
75 12.481008463245445
76 13.320819087664063
77 14.186429353627133
78 15.077770241545878
79 15.994778160766586
80 16.937394399380580
81 17.905564638989318
82 18.899238525439827
83 19.918369287925557
84 20.962913400006272
85 22.032830277045093
86 23.128082005378687
87 24.248633099211418
88 25.394450281781147
89 26.565502287836040
90 27.761759684855846
91 28.983194710804298
92 30.229781126481839
93 31.501494080800214
94 32.798309987517527
95 34.120206412141727
96 35.467161967886739
97 36.839156219681684
98 38.236169595361446
99 39.658183303262177
100 41.105179255542168
101 42.577139996611265
102 44.074048636129049
103 45.595888786090683
104 47.142644501563609
105 48.714300224687491
106 50.310840731590787
107 51.932251081908788
108 53.578516570624515
109 55.249622681967224
110 56.945555045153952
111 58.666299391749760
112 60.411841514462338
113 62.182167227204445
114 63.977262326253424
115 65.797112552378735
116 67.641703553797072
117 69.511020849836200
118 71.405049795201620
119 73.323775544740784
120 75.267183018616947
121 77.235256867800587
122 79.227981439807820
123 81.245340744606978
124 83.287318420628623
125 85.353897700824490
126 87.445061378700984
127 89.560791774296433
128 91.701070700037121
129 93.865879426434532
130 96.055198647576589
131 98.269008446386124
132 100.507288259596407
133 102.770016842420176
134 105.057172232876013
135 107.368731715755331
136 109.704671786187816
137 112.064968112793309
138 114.449595500399596
139 116.858527852288319
140 119.291738131982811
141 121.749198324532074
142 124.230879397284355
143 126.736751260150072
144 129.266782725323480
145 131.820941466467104
146 134.399193977339962
147 137.001505529868211
148 139.627840131649748
149 142.278160482889348
150 144.952427932752585
151 147.650602435151086
152 150.372642503938266
153 153.118505167533442
154 155.888145922960518
155 158.681518689313918
156 161.498575760644371
157 164.339267758276605
158 167.203543582562531
159 170.091350364064681
160 173.002633414199522
161 175.937336175323992
162 178.895400170281732
163 181.876764951442226
164 184.881368049194748
165 187.909144919961420
166 190.960028893697199
167 194.033951120930396
168 197.130840519321964
169 200.250623719785438
170 203.393225012167534
171 206.558566290516410
172 209.746566997949571
173 212.957144071142466
174 216.190211884455380
175 219.445682193735479
176 222.723464079769712
177 226.023463891474194
178 229.345585188799305
179 232.689728685377588
180 236.055792190963359
181 239.443670553656432
182 242.853255601971057
183 246.284436086745018
184 249.737097622943224
185 253.211122631359672
186 256.706390280268693
187 260.222776427042618
188 263.760153559774380
189 267.318390738924847
190 270.897353539038249
191 274.496903990549470
192 278.116900521733612
193 281.757197900803590
194 285.417647178213372
195 289.098095629197871
196 292.798386696568912
197 296.518359933834461
198 300.257850948636133
199 304.016691346587720
200 307.794708675514528
201 311.591726370158653
202 315.407563697360615
203 319.242035701790428
204 323.094953152238418
205 326.966122488516930
206 330.855345769023756
207 334.762420618975170
208 338.687140179393509
209 342.629293056853953
210 346.588663274043711
211 350.565030221179768
212 354.558168608319193
213 358.567848418615881
214 362.593834862541598
215 366.635888333147136
216 370.693764362363481
217 374.767213578420183
218 378.855981664420710
219 382.959809318084012
220 387.078432212726852
221 391.211580959524554
222 395.358981071076641
223 399.520352926326723
224 403.695411736881283
225 407.883867514763210
226 412.085425041650865
227 416.299783839617930
228 420.526638143454988
229 424.765676874566566
230 429.016583616513458
231 433.279036592245916
232 437.552708643024857
233 441.837267209118295
234 446.132374312272304
235 450.437686540022014
236 454.752855031848753
237 459.077525467263285
238 463.411338055794204
239 467.753927528967665
240 472.104923134273349
241 476.463948631167909
242 480.830622289159578
243 485.204556887971307
244 489.585359719845997
245 493.972632594005404
246 498.365971843300713
247 502.764968333062370
248 507.169207472209109
249 511.578269226612406
250 515.991728134758205
251 520.409153325716147
252 524.830108539457683
253 529.254152149511242
254 533.680837188015403
255 538.109711373162781
256 542.540317139041008
257 546.972191667944685
258 551.404866925084889
259 555.837869695783979
260 560.270721625131387
261 564.702939260139829
262 569.134034094354206
263 573.563512614995830
264 577.990876352596842
265 582.415621933133366
266 586.837241132685108
267 591.255220934608019
268 595.669043589206126
269 600.078186675934262
270 604.482123168098042
271 608.880321500056084
272 613.272245636914590
273 617.657355146719965
274 622.035105275121055
275 626.404947022503507
276 630.766327223531107
277 635.118688629191638
278 639.461469991184117
279 643.794106148742117
280 648.116028117815176
281 652.426663182583980
282 656.725434989298492
283 661.011763642413371
284 665.285065802959025
285 669.544754789144690
286 673.790240679140538
287 678.020930415999942
288 682.236227914690630
289 686.435534171163113
290 690.618247373451368
291 694.783763014701435
292 698.931474008111877
293 703.060770803726427
294 707.171041506990377
295 711.261671999033183
296 715.332046058588048
297 719.381545485507672
298 723.409550225741668
299 727.415438497755986
300 731.398586920268372
301 735.358370641216652
302 739.294163467880026
303 743.205337998004097
304 747.091265751879746
305 750.951317305218708
306 754.784862422700144
307 758.591270192061756
308 762.369909158632026
309 766.120147460091403
310 769.841352961328084
311 773.532893389213541
312 777.194136467139742
313 780.824450049050483
314 784.423202252823330
315 787.989761592735704
316 791.523497110750895
317 795.023778506387998
318 798.489976264848565
319 801.921461783108725
320 805.317607493592277
321 808.677786985068451
322 812.001375120361217
323 815.287748150370589
324 818.536283823962776
325 821.746361493113227
326 824.917362212715034
327 828.048668834378759
328 831.139666093443793
329 834.189740688384518
330 837.198281351629475
331 840.164678910786506
332 843.088326339081277
333 845.968618793614723
334 848.804953640081749
335 851.596730462099231
336 854.343351053327979
337 857.044219390163107
338 859.698741582524690
339 862.306325799886736
340 864.866382169268718
341 867.378322641475961
342 869.841560821239455
343 872.255511756240367
344 874.619591679176210
345 876.933217696153406
346 879.195807413393595
347 881.406778493000502
348 883.565548126760405
349 885.671532415003867
350 887.724145635021841
351 889.722799380608194
352 891.666901550494686
353 893.555855158890381
354 895.389056935561257
355 897.165895675721686
356 898.885750290738088
357 900.547987499104920
358 902.151959081955965
359 903.696998607795649
360 905.182417505382091
361 906.607500329244203
362 907.971499016089865
363 909.273625866939938
364 910.513044902030060
365 911.688861111211054
366 912.800106943758919
367 913.845725118380642
368 914.824546437333311
369 915.735260673434595
370 916.576377613698014
371 917.346173706027685
372 918.042616910387324
373 918.663257114592398
374 919.205059665025374
375 919.664130481797201
376 920.035332566707211
377 920.310386298002186
378 920.485110305407716
379 920.483846915479944
380 920.549039641750824
381 919.890290934213681
382 920.599773976512552
383 919.615356598367043
384 921.062755950780684
385 920.062925656949346
386 921.985749857452902
387 920.985765180065073
388 923.366005497574633
389 922.366022477295701
390 925.240938300186599
391 924.240956899921002
392 927.692928558070889
393 926.692948789515640
394 930.875607587369586
395 929.875629524677151
396 935.097961244177441
397 934.097985050694888
398 941.171047501806925
399 940.171073543225020
