1 0.000000066300544
2 0.000000719104041
3 0.000003922865409
4 0.000014583169764
5 0.000042131963260
6 0.000101909630737
7 0.000216296339100
8 0.000415621729053
9 0.000738881127521
10 0.001234285302052
11 0.001959669473033
12 0.002982785738030
13 0.004381501412144
14 0.006243923968928
15 0.008668471507598
16 0.011763905873620
17 0.015649343911878
18 0.020454260781083
19 0.026318497915618
20 0.033392287066999
21 0.041836300945896
22 0.051821740319234
23 0.063530467022225
24 0.077155192232528
25 0.092899729572810
26 0.110979323129925
27 0.131621061432586
28 0.155064389772285
29 0.181561735164340
30 0.211379260746039
31 0.244797769710683
32 0.282113783147359
33 0.323640821724403
34 0.369710928310873
35 0.420676478100951
36 0.476912335154715
37 0.538818430790066
38 0.606822861449608
39 0.681385633973605
40 0.763003228179549
41 0.852214205826968
42 0.949606179973571
43 1.055824584000128
44 1.171583864188221
45 1.297682030459995
46 1.435019839941170
47 1.584627397729285
48 1.747698087670791
49 1.925655277481411
50 2.120161093684246
51 2.333593739569501
52 2.567649493950668
53 2.830905224212742
54 3.110555961602415
55 3.484419130448160
56 3.749927986869473
57 4.440330434194202
58 4.402006422814900
59 5.353041773486638
60 4.952047595870489
61 5.948320868597364
62 5.370883831802416
63 6.370675333053931
64 5.673281929348533
65 6.673272390448822
66 5.873532428912959
67 6.873532056031856
68 5.980912585798940
69 6.980912573017470
70 6.001634444781395
71 7.001634444390383
72 5.940115511304043
73 6.940115511293214
74 5.799643449114711
75 6.799643449114001
76 5.582748093224254
77 6.582748093224126
78 5.291426248526633
79 6.291426248526463
80 4.927285909586857
81 5.927285909586843
82 4.491643181512018
83 5.491643181511733
84 3.985589868130262
85 4.985589868130035
86 3.410042048722929
87 4.410042048721820
88 2.765775878121090
89 3.765775878120166
90 2.053454536025171
91 3.053454536024347
92 1.273648885183306
93 2.273648885182368
94 0.426853557768396
95 1.426853557768084
96 0.486500345136051
97 0.513499654863097
98 1.466035105814214
99 0.466035105815124
100 2.511418193615697
101 1.511418193616763
102 3.622355580918665
103 2.622355580919077
104 4.798586245026698
105 3.798586245027494
106 6.039877610099069
107 5.039877610099879
108 7.346021741455274
109 6.346021741456440
110 8.716832147371889
111 7.716832147372372
112 10.152141075373009
113 9.152141075373692
114 11.651797213988118
115 10.651797213988630
116 13.215663729262275
117 12.215663729262872
118 14.843616579368586
119 13.843616579369126
120 16.535543061596314
121 15.535543061596570
122 18.291340554569729
123 17.291340554570723
124 20.110915425304540
125 19.110915425304825
126 21.994182076100344
127 20.994182076100373
128 23.941062110585648
129 22.941062110586472
130 25.951483601701369
131 24.951483601701682
132 28.025380447234056
133 27.025380447234568
134 30.162691800836200
135 29.162691800837194
136 32.363361568328628
137 31.363361568328799
138 34.627337960665955
139 33.627337960666239
140 36.954573096226198
141 35.954573096228643
142 39.345022646167280
143 38.345022646167564
144 41.798645517488268
145 40.798645517489462
146 44.315403569192398
147 43.315403569194331
148 46.895261357580608
149 45.895261357582228
150 49.538185907246771
151 48.538185907248049
152 52.244146504800369
153 51.244146504801648
154 55.013114512730283
155 54.013114512731335
156 57.845063201155227
157 56.845063201156506
158 60.739967595496609
159 59.739967595496807
160 63.697804338342536
161 62.697804338342763
162 66.718551563996527
163 65.718551563997551
164 69.802188784373499
165 68.802188784376199
166 72.948696785071178
167 71.948696785073622
168 76.158057530580606
169 75.158057530581743
170 79.430254077714721
171 78.430254077715631
172 82.765270496443321
173 81.765270496444998
174 86.163091797411880
175 85.163091797412903
176 89.623703865492757
177 88.623703865493042
178 93.147093398807669
179 92.147093398808067
180 96.733247852692102
181 95.733247852692671
182 100.382155388161152
183 99.382155388163142
184 104.093804824448341
185 103.093804824448853
186 107.868185595264947
187 106.868185595265231
188 111.705287708434128
189 110.705287708434923
190 115.605101708611187
191 114.605101708613745
192 119.567618642820719
193 118.567618642822367
194 123.592830028557614
195 122.592830028560627
196 127.680727824269127
197 126.680727824270491
198 131.831304401933721
199 130.831304401935881
200 136.044552521698279
201 135.044552521700496
202 140.320465308250220
203 139.320465308253347
204 144.659036228913806
205 143.659036228915909
206 149.060259073246755
207 148.060259073251018
208 153.524127934058868
209 152.524127934063074
210 158.050637189729287
211 157.050637189731106
212 162.639781487718096
213 161.639781487719915
214 167.291555729185802
215 166.291555729186371
216 172.005955054636900
217 171.005955054642300
218 176.782974830504543
219 175.782974830509431
220 181.622610636605486
221 180.622610636609409
222 186.524858254408969
223 185.524858254420224
224 191.489713656051606
225 190.489713656072411
226 196.517172994050895
227 195.517172994060502
228 201.607232591657294
229 200.607232591669401
230 206.759888933811681
231 205.759888933831462
232 211.975138658656931
233 210.975138658664321
234 217.252978549559998
235 216.252978549563409
236 222.593405527627795
237 221.593405527630694
238 227.996416644672422
239 226.996416644672706
240 233.462009076563618
241 232.462009076564641
242 238.990180117028842
243 237.990180117028956
244 244.580927171752649
245 243.580927171754695
246 250.234247752865770
247 249.234247752869521
248 255.950139473730758
249 254.950139473732236
250 261.728600044004565
251 260.728600044004793
252 267.569627265025701
253 266.569627265026725
254 273.473219025418643
255 272.473219025419780
256 279.439373296963936
257 278.439373296964959
258 285.468088130675028
259 284.468088130678098
260 291.559361653125507
261 290.559361653127667
262 297.713192062927760
263 296.713192062929011
264 303.929577627445042
265 302.929577627448111
266 310.208516679654849
267 309.208516679657805
268 316.550007615167033
269 315.550007615167260
270 322.954048889432215
271 321.954048889433466
272 329.420639015072538
273 328.420639015073448
274 335.949776559353040
275 334.949776559357019
276 342.541460141786047
277 341.541460141791390
278 349.195688431860731
279 348.195688431861299
280 355.912460146869194
281 354.912460146869421
282 362.691774049871697
283 361.691774049873857
284 369.533628947737611
285 368.533628947739999
286 376.438023689294823
287 375.438023689300735
288 383.404957163577478
289 382.404957163578047
290 390.434428298129887
291 389.434428298130229
292 397.526436057429123
293 396.526436057430033
294 404.680979441356158
295 403.680979441358886
296 411.898057483765115
297 410.898057483767616
298 419.177669251088560
299 418.177669251089355
300 426.519813841027599
301 425.519813841031009
302 433.924490381314854
303 432.924490381314968
304 441.391698028507221
305 440.391698028508017
306 448.921435966854688
307 447.921435966857871
308 456.513703407217577
309 455.513703407218145
310 464.168499586022904
311 463.168499586025973
312 471.885823764279166
313 470.885823764280872
314 479.665675226627059
315 478.665675226628196
316 487.508053280441800
317 486.508053280443846
318 495.412957254966614
319 494.412957254967750
320 503.380386500496911
321 502.380386500499412
322 511.410340387579708
323 510.410340387583005
324 519.502818306267159
325 518.502818306268409
326 527.657819665386910
327 526.657819665387251
328 535.875343891866464
329 534.875343891867260
330 544.155390430050147
331 543.155390430054126
332 552.497958741095772
333 551.497958741096795
334 560.903048302328671
335 559.903048302330262
336 569.370658606697134
337 568.370658606701909
338 577.900789162202159
339 576.900789162205115
340 586.493439491356753
341 585.493439491357663
342 595.148609130679120
343 594.148609130681962
344 603.866297630212102
345 602.866297630214831
346 612.646504553037630
347 611.646504553038540
348 621.489229474828335
349 620.489229474828448
350 630.394471983420090
351 629.394471983425547
352 639.362231678396370
353 638.362231678400235
354 648.392508170670908
355 647.392508170673977
356 657.485301082140040
357 656.485301082140040
358 666.640610045259564
359 665.640610045261610
360 675.858434702747900
361 674.858434702748809
362 685.138774707208086
363 684.138774707210587
364 694.481629720821502
365 693.481629720822184
366 703.886999415012497
367 702.886999415014088
368 713.354883470155755
369 712.354883470161212
370 722.885281575293448
371 721.885281575300269
372 732.478193427844872
373 731.478193427848737
374 742.133618733332014
375 741.133618733334060
376 751.851557205133986
377 750.851557205135805
378 761.632008564231228
379 760.632008564231910
380 771.474972538951533
381 770.474972538953125
382 781.380448864765640
383 780.380448864766549
384 791.348437284092597
385 790.348437284098964
386 801.378937570264952
387 800.378937570553262
388 811.471952652627806
389 810.471952663278671
390 821.627767313750837
391 820.627767624062471
392 831.860306821438371
393 830.860313201021427
394 842.432793946130914
395 841.432845551977834
396 854.955074001771436
397 853.955173444037655
398 873.421450511620833
399 872.421608260537596
