1 0.000000012756476
2 0.000000058602020
3 0.000000308492857
4 0.000001378991042
5 0.000004722342935
6 0.000013201783467
7 0.000031771497317
8 0.000068221550713
9 0.000133954892796
10 0.000244769706917
11 0.000421626062209
12 0.000691380926433
13 0.001087480229426
14 0.001650600740401
15 0.002429238123472
16 0.003480240593968
17 0.004869290206376
18 0.006671335942251
19 0.008970984496571
20 0.011862856038142
21 0.015451913287503
22 0.019853773082797
23 0.025195010255540
24 0.031613464186261
25 0.039258558898940
26 0.048291648090359
27 0.058886397100469
28 0.071229214621990
29 0.085519747986801
30 0.101971457236413
31 0.120812285012818
32 0.142285441706854
33 0.166650328452086
34 0.194183624682694
35 0.225180572358944
36 0.259956496030391
37 0.298848607201315
38 0.342218153777587
39 0.390452991812836
40 0.443970678992095
41 0.503222219659165
42 0.568696633321757
43 0.640926578031575
44 0.720495345276944
45 0.808045669508594
46 0.904290977452803
47 1.010030033640291
48 1.126166178356613
49 1.253734384274402
50 1.393933991889931
51 1.548201977374518
52 1.718195827629444
53 1.906374444659768
54 2.114228080532250
55 2.351070561116487
56 2.602163642771544
57 2.949794139398620
58 3.183087887767726
59 3.850872522292413
60 3.777011907972039
61 4.720335657826951
62 4.271578121291029
63 5.266825709127531
64 4.635190754689496
65 5.634893162228671
66 4.881520556263766
67 5.881505085476391
68 5.024945437186140
69 6.024944740441015
70 5.074927319864344
71 6.074927291994243
72 5.037802102581367
73 6.037802101574314
74 4.918068485983497
75 5.918068485950187
76 4.719070758908899
77 5.719070758907890
78 4.443380504175721
79 5.443380504175408
80 4.093026670404882
81 5.093026670404868
82 3.669642857714052
83 4.669642857713782
84 3.174566128672993
85 4.174566128672708
86 2.608905818818272
87 3.608905818818201
88 1.973592935983788
89 2.973592935983774
90 1.269416533095637
91 2.269416533095409
92 0.497051068097775
93 1.497051068096411
94 0.342922635720470
95 0.657077364279459
96 1.250001075827612
97 0.250001075828678
98 2.223745196059781
99 1.223745196061671
100 3.263770101901187
101 2.263770101902622
102 4.369736755065361
103 3.369736755065418
104 5.541345201208728
105 4.541345201208827
106 6.778328999472791
107 5.778328999473317
108 8.080450604343241
109 7.080450604343852
110 9.447497509526229
111 8.447497509526400
112 10.879279006986749
113 9.879279006987602
114 12.375623446639963
115 11.375623446640745
116 13.936375906544242
117 12.936375906544868
118 15.561396201977459
119 14.561396201977601
120 17.250557176046414
121 16.250557176047607
122 19.003743225560896
123 18.003743225561408
124 20.820849024569725
125 19.820849024570691
126 22.701778414816715
127 21.701778414817198
128 24.646443437807704
129 23.646443437807790
130 26.654763487573604
131 25.654763487573689
132 28.726664566708990
133 27.726664566709104
134 30.862078631133755
135 29.862078631134438
136 33.060943011356045
137 32.060943011356983
138 35.323199899936100
139 34.323199899936412
140 37.648795896400571
141 36.648795896402021
142 40.037681602207726
143 39.037681602208181
144 42.489811259405769
145 41.489811259407304
146 45.005142427565346
147 44.005142427566369
148 47.583635694329161
149 46.583635694331974
150 50.225254415550694
151 49.225254415554815
152 52.929964481541276
153 51.929964481542271
154 55.697734106429806
155 54.697734106434410
156 58.528533638008014
157 57.528533638010941
158 61.422335385751239
159 60.422335385752604
160 64.379113465058708
161 63.379113465061806
162 67.398843655941249
163 66.398843655945342
164 70.481503274623520
165 69.481503274624401
166 73.627071056697332
167 72.627071056701766
168 76.835527050673221
169 75.835527050676461
170 80.106852520820269
171 79.106852520824447
172 83.441029858405358
173 82.441029858410928
174 86.838042500493998
175 85.838042500496385
176 90.297874855561304
177 89.297874855565055
178 93.820512235278670
179 92.820512235283672
180 97.405940791870250
181 96.405940791871842
182 101.054147460542595
183 100.054147460545948
184 104.765119906509426
185 103.765119906513803
186 108.538846476169738
187 107.538846476171898
188 112.375316152118160
189 111.375316152121627
190 116.274518511586734
191 115.274518511587587
192 120.236443688059580
193 119.236443688060831
194 124.261082335773267
195 123.261082335781282
196 128.348425596851087
197 127.348425596851314
198 132.498465070839814
199 131.498465070840268
200 136.711192786477000
201 135.711192786480751
202 140.986601175472970
203 139.986601175475187
204 145.324683048164104
205 144.324683048169504
206 149.725431570864316
207 148.725431570870398
208 154.188840244802407
209 153.188840244806102
210 158.714902886510401
211 157.714902886511823
212 163.303613609535546
213 162.303613609542310
214 167.954966807391543
215 166.954966807399387
216 172.668957137660186
217 171.668957137662460
218 177.445579507106459
219 176.445579507112086
220 182.284829057819479
221 181.284829057827437
222 187.186701154196953
223 186.186701154208436
224 192.151191370814047
225 191.151191370820925
226 197.178295481022417
227 196.178295481027192
228 202.268009446290648
229 201.268009446295537
230 207.420329406200949
231 206.420329406209703
232 212.635251669068509
233 211.635251669071067
234 217.912772703124745
235 216.912772703133214
236 223.252889128255731
237 222.252889128271022
238 228.655597708209768
239 227.655597708222615
240 234.120895343294933
241 233.120895343305790
242 239.648779063484483
243 238.648779063496590
244 245.239246021947793
245 244.239246021959957
246 250.892293488953214
247 249.892293488966004
248 256.607918846088523
249 255.607918846102905
250 262.386119580874549
251 261.386119580883644
252 268.226893281619596
253 267.226893281627099
254 274.130237632596277
255 273.130237632609465
256 280.096150409498478
257 279.096150409509846
258 286.124629475104939
259 285.124629475110964
260 292.215672775218650
261 291.215672775230360
262 298.369278334824571
263 297.369278334831165
264 304.585444254427216
265 303.585444254434378
266 310.864168706615487
267 309.864168706622422
268 317.205449932783608
269 316.205449932791566
270 323.609286240053734
271 322.609286240054075
272 330.075675998316456
273 329.075675998323504
274 336.604617637482534
275 335.604617637497086
276 343.196109644826038
277 342.196109644828766
278 349.850150562468457
279 348.850150562474482
280 356.566738985030952
281 355.566738985044140
282 363.345873557363916
283 362.345873557370851
284 370.187552972396816
285 369.187552972406252
286 377.091775969108653
287 376.091775969126843
288 384.058541330588014
289 383.058541330589037
290 391.087847882189521
291 390.087847882206916
292 398.179694489793633
293 397.179694489803069
294 405.334080058105087
295 404.334080058109521
296 412.551003529098352
297 411.551003529103582
298 419.830463880479556
299 418.830463880496950
300 427.172460124264830
301 426.172460124267786
302 434.576991305389470
303 433.576991305390038
304 442.044056500409624
305 441.044056500425086
306 449.573654816237081
307 448.573654816243447
308 457.165785388965787
309 456.165785388967379
310 464.820447382712359
311 463.820447382716907
312 472.537639988556066
313 471.537639988556634
314 480.317362423461873
315 479.317362423464942
316 488.159613929338775
317 487.159613929343664
318 496.064393772048675
319 495.064393772057315
320 504.031701240528491
321 503.031701240529287
322 512.061535645922731
323 511.061535645923186
324 520.153896320718559
325 519.153896320724698
326 528.308782618009559
327 527.308782618012515
328 536.526193910716984
329 535.526193910724828
330 544.806129590829983
331 543.806129590846126
332 553.148589068758611
333 552.148589068760998
334 561.553571772645569
335 560.553571772663872
336 570.021077147735241
337 569.021077147748656
338 578.551104655745803
339 577.551104655748645
340 587.143653774324093
341 586.143653774338304
342 595.798723996437957
343 594.798723996445005
344 604.516314829855560
345 603.516314829857947
346 613.296425796655740
347 612.296425796671883
348 622.139056432678103
349 621.139056432702432
350 631.044206287102952
351 630.044206287103634
352 640.011874921955950
353 639.011874921978006
354 649.042061911691349
355 648.042061911720907
356 658.134766842761564
357 657.134766842762929
358 667.289989313206661
359 666.289989313216438
360 676.507728932280997
361 675.507728932282816
362 685.787985320077041
363 684.787985320083408
364 695.130758107154179
365 694.130758107171459
366 704.536046934207661
367 703.536046934225624
368 714.003851451733226
369 713.003851451744367
370 723.534171319695815
371 722.534171319721736
372 733.127006207242630
373 732.127006207271052
374 742.782355792392764
375 741.782355792400949
376 752.500219761744347
377 751.500219761754124
378 762.280597810237396
379 761.280597810249901
380 772.123489640849130
381 771.123489640872549
382 782.028894964355231
383 781.028894964399569
384 791.996813499110885
385 790.996813499148175
386 802.027244995007322
387 801.027244995022556
388 812.120193522948057
389 811.120193523175658
390 822.276027638640016
391 821.276027643257521
392 832.511354219921259
393 831.511354432104326
394 843.124957509645583
395 842.124959454408099
396 855.869500709614613
397 854.869504097013760
398 874.969911728732313
399 873.969917277247305
