1 0.000002966930872
2 0.000035951595189
3 0.000216843388632
4 0.000879086954531
5 0.002728664978847
6 0.006991053311100
7 0.015528501134652
8 0.030940224905732
9 0.056705046481678
10 0.097255134237757
11 0.159446519298706
12 0.246687999550163
13 0.399548247519254
14 0.517748031384171
15 1.021435715785936
16 0.809795389610898
17 1.732170370999055
18 0.882192627126567
19 1.878183017415395
20 0.646266876276162
21 1.646134717380640
22 0.117207874360151
23 1.117204538179831
24 0.688260721995206
25 0.311739208569193
26 1.760852052458663
27 0.760852053702070
28 3.095185117870614
29 2.095185117908940
30 4.687910247587759
31 3.687910247610965
32 6.537076393940843
33 5.537076403837041
34 8.653614177943474
35 7.653614402265440
36 11.260329549663147
37 10.260330619956434
38 15.671330312713167
39 14.671331617212232
