1 0.000000020290484
2 0.000000059706253
3 0.000000096811171
4 0.000000131640126
5 0.000000164228243
6 0.000000194610823
7 0.000000222822746
8 0.000000248899203
9 0.000000272875745
10 0.000000294789034
11 0.000000314675905
12 0.000000332574203
13 0.000000348523825
14 0.000000362565716
15 0.000000374743275
16 0.000000385102013
17 0.000000393690474
18 0.000000400560285
19 0.000000405766958
20 0.000000409370109
21 0.000000411433543
22 0.000000412027262
23 0.000000411226257
24 0.000000409111969
25 0.000000405772624
26 0.000000401302962
27 0.000000395800736
28 0.000000389346500
29 0.000000381908158
30 0.000000372927907
31 0.000000359629230
32 0.000000330493055
33 0.000000241558148
34 0.000000064662956
35 0.000001120115527
36 0.000004619529626
37 0.000015650591401
38 0.000048579958396
39 0.000141470123673
40 0.000388599492439
41 0.001007245478462
42 0.002460339633117
43 0.005652192170196
44 0.012186088762547
45 0.024612483229198
46 0.046529519470617
47 0.082393038416562
48 0.137010388279421
49 0.214880571829546
50 0.319645454931361
51 0.453836896453687
52 0.618924852077399
53 0.815544725018178
54 1.043768143701548
55 1.303333992827802
56 1.593812839037263
57 1.914710418987703
58 2.265526635519471
59 2.645785930930415
60 3.055050744585294
61 3.492925630953621
62 3.959056570205988
63 4.453128038499244
64 4.974859226957307
65 5.524000124473687
66 6.100327807063181
67 6.703643077020402
68 7.333767492122206
69 7.990540774742755
70 8.673818568444744
71 9.383470501957930
72 10.119378519991997
73 10.881435443262276
74 11.669543724288346
75 12.483614369978653
76 13.323566006215643
77 14.189324063435947
78 15.080820065460045
79 15.997991006622655
80 16.940778804606197
81 17.909129818356163
82 18.902994422097137
83 19.922326627862461
84 20.967083750077180
85 22.037226106718649
86 23.132716752364502
87 24.253521239120488
88 25.399607401992114
89 26.570945165736518
90 27.767506370630585
91 28.989264614948695
92 30.236195112221736
93 31.508274561603926
94 32.805481029884234
95 34.127793843861866
96 35.475193491959487
97 36.847661534091060
98 38.245180518901805
99 39.667733907616991
100 41.115306003810815
101 42.587881888485782
102 44.085447359923620
103 45.607988877823942
104 47.155493511295674
105 48.727948890313854
106 50.325343160292363
107 51.947664939461163
108 53.594903278760597
109 55.267047623995239
110 56.964087780022197
111 58.686013876748603
112 60.432816336760254
113 62.204485844395037
114 64.001013316105229
115 65.822389871959899
116 67.668606808147274
117 69.539655570361646
118 71.435527727949761
119 73.356214948719696
120 75.301708974297725
121 77.272001595963502
122 79.267084630854981
123 81.286949898477360
124 83.331589197438177
125 85.400994282337024
126 87.495156840739696
127 89.614068470181820
128 91.757720655144567
129 93.926104743933763
130 96.119211925422888
131 98.337033205605991
132 100.579559383907906
133 102.846781029216686
134 105.138688455585338
135 107.455271697563632
136 109.796520485123779
137 112.162424218140302
138 114.552971940383287
139 116.968152313001639
140 119.407953587443785
141 121.872363577803810
142 124.361369632548701
143 126.874958605596646
144 129.413116826730800
145 131.975830071296571
146 134.563083529183984
147 137.174861773044086
148 139.811148725732437
149 142.471927626945160
150 145.157180999026195
151 147.866890611929023
152 150.601037447305600
153 153.359601661705597
154 156.142562548860667
155 158.949898501045425
156 161.781586969490604
157 164.637604423831760
158 167.517926310573444
159 170.422527010570377
160 173.351379795490686
161 176.304456783264015
162 179.281728892493391
163 182.283165795824914
164 185.308735872259888
165 188.358406158412322
166 191.432142298679821
167 194.529908494354061
168 197.651667451638446
169 200.797380328574491
170 203.967006680882605
171 207.160504406705400
172 210.377829690253463
173 213.618936944361678
174 216.883778751943055
175 220.172305806354814
176 223.484466850670572
177 226.820208615881256
178 230.179475757999171
179 233.562210794111479
180 236.968354037360371
181 240.397843530872649
182 243.850614980656189
183 247.326601687466678
184 250.825734477657932
185 254.347941633044627
186 257.893148819777821
187 261.461279016272556
188 265.052252440174414
189 268.665986474429019
190 272.302395592448875
191 275.961391282405998
192 279.642881970686744
193 283.346772944526208
194 287.072966273856991
195 290.821360732401445
196 294.591851718047451
197 298.384331172524469
198 302.198687500423716
199 306.034805487619849
200 309.892566219091577
201 313.771846996218073
202 317.672521253576519
203 321.594458475285364
204 325.537524110938307
205 329.501579491174198
206 333.486481742939532
207 337.492083704484003
208 341.518233840131757
209 345.564776154912238
210 349.631550109055524
211 353.718390532455601
212 357.825127539134201
213 361.951586441756717
214 366.097587666268623
215 370.262946666731068
216 374.447473840376801
217 378.650974442983852
218 382.873248504618346
219 387.114090745815133
220 391.373290494256480
221 395.650631602014528
222 399.945892363456437
223 404.258845433832903
224 408.589257748657133
225 412.936890443940683
226 417.301498777337883
227 421.682832050315255
228 426.080633531362423
229 430.494640380358760
230 434.924583574187864
231 439.370187833617592
232 443.831171551568673
233 448.307246722839182
234 452.798118875367322
235 457.303487003085479
236 461.823043500469907
237 466.356474098871672
238 470.903457804666232
239 475.463666839342750
240 480.036766581603388
241 484.622415511524878
242 489.220265156911069
243 493.829960041844743
244 498.451137637597640
245 503.083428315911192
246 507.726455304765977
247 512.379834646684458
248 517.043175159691714
249 521.716078400943388
250 526.398138633161011
251 531.088942793907222
252 535.788070467786611
253 540.495093861655619
254 545.209577782894712
255 549.931079620822061
256 554.659149331315575
257 559.393329424720832
258 564.133154957103102
259 568.878153524884397
260 573.627845262985147
261 578.381742846478232
262 583.139351495840401
263 587.900168985862479
264 592.663685658247914
265 597.429384438000511
266 602.196740853584402
267 606.965223060998937
268 611.734291871721439
269 616.503400784608289
270 621.271996021825203
271 626.039516568767681
272 630.805394218100560
273 635.569053617885288
274 640.329912323836311
275 645.087380855773176
276 649.840862758255184
277 654.589754665434043
278 659.333446370145452
279 664.071320897253486
280 668.802754581263912
281 673.527117148217712
282 678.243771801873663
283 682.952075314143372
284 687.651378119832430
285 692.341024415684842
286 697.020352263641826
287 701.688693698385350
288 706.345374839118790
289 710.989716005545574
290 715.621031838053341
291 720.238631422037201
292 724.841818416348929
293 729.429891185819542
294 734.002142937827557
295 738.557861862821710
296 743.096331278768730
297 747.616829779505451
298 752.118631386801781
299 756.601005706200567
300 761.063218086470897
301 765.504529782595910
302 769.924198122215557
303 774.321476675420854
304 778.695615427762959
305 783.045860956399565
306 787.371456609213737
307 791.671642686773112
308 795.945656627007565
309 800.192733192398919
310 804.412104659579654
311 808.603001011086462
312 812.764650129119673
313 816.896277991081661
314 820.997108866666622
315 825.066365516275937
316 829.103269390449896
317 833.107040830101596
318 837.076899267191038
319 841.012063425539054
320 844.911751521398628
321 848.775181463420722
322 852.601571051595101
323 856.390138174659569
324 860.140101005534461
325 863.850678194193051
326 867.521089057373501
327 871.150553764487768
328 874.738293518955743
329 878.283530734196120
330 881.785489203339466
331 885.243394261704907
332 888.656472940916728
333 892.023954113394439
334 895.345068625840895
335 898.619049420209649
336 901.845131640318641
337 905.022552722157570
338 908.150552465627015
339 911.228373085154089
340 914.255259236230131
341 917.230458014527812
342 920.153218923773920
343 923.022793807885819
344 925.838436742302292
345 928.599403878555677
346 931.304953235108314
347 933.954344426415219
348 936.546838320722372
349 939.081696615349074
350 941.558181316306218
351 943.975554106462823
352 946.333075583482241
353 948.630004345043517
354 950.865595894090575
355 953.039101331145957
356 955.149765793437609
357 957.196826591347417
358 959.179510981005706
359 961.097033496727363
360 962.948592747454313
361 964.733367555743598
362 966.450512283662647
363 968.099151144436519
364 969.678371236438807
365 971.187213950248406
366 972.624664278947421
367 973.989637389483050
368 975.280961560981495
369 976.497356219855419
370 977.637403223949150
371 978.699508634232870
372 979.681850714665416
373 980.582307339591353
374 981.398351390208973
375 982.126893799243817
376 982.764038031023574
377 983.304630479428397
378 983.741890537316067
379 984.061316748536001
380 984.273455369351495
381 984.176298379604077
382 984.447417600481685
383 983.615617931551697
384 984.810386401086589
385 983.814382346112779
386 985.688510104166198
387 984.688537935050135
388 987.089952994273744
389 986.089953511608428
390 989.038209549606790
391 988.038210115531001
392 991.612150615810606
393 990.612151234815883
394 994.969198277497753
395 993.969198951034741
396 999.431880387226329
397 998.431881119613990
398 1005.851533388530470
399 1004.851534190249595
