1 0.000000024422664
2 0.000000170974835
3 0.000000610699606
4 0.000001539181118
5 0.000003152140427
6 0.000005645434781
7 0.000009215058757
8 0.000014057143734
9 0.000020367958527
10 0.000028343910536
11 0.000038181544461
12 0.000050077543655
13 0.000064228730110
14 0.000080832065050
15 0.000100084648563
16 0.000122183720618
17 0.000147326660759
18 0.000175710989012
19 0.000207534365511
20 0.000242994591428
21 0.000282289609064
22 0.000325617501744
23 0.000373176494630
24 0.000425164954816
25 0.000481781391446
26 0.000543224455331
27 0.000609692935175
28 0.000681385738744
29 0.000758501803130
30 0.000841239708400
31 0.000929796090855
32 0.001024359520262
33 0.001125088207637
34 0.001232033577942
35 0.001344893751778
36 0.001462266925671
37 0.001579533512107
38 0.001683249953849
39 0.001737371269840
40 0.001652052427218
41 0.001219278818006
42 0.000006054943377
43 0.002897418070752
44 0.009011354649580
45 0.020838328068088
46 0.041914652484230
47 0.076650630704982
48 0.129840221612078
49 0.206004744492276
50 0.308833383274767
51 0.440913003041643
52 0.603761989018736
53 0.798050846949323
54 1.023872604486542
55 1.280976629033105
56 1.568936461150507
57 1.887256126050680
58 2.235431090977620
59 2.612979864399442
60 3.019458164478131
61 3.454463422863611
62 3.917634288690721
63 4.408647783615535
64 4.927215546611251
65 5.473079912045534
66 6.046010179505970
67 6.645799227125707
68 7.272260513074627
69 7.925225457264105
70 8.604541171835052
71 9.310068500668919
72 10.041680327419996
73 10.799260114321513
74 11.582700638148054
75 12.391902894156203
76 13.226775143035013
77 14.087232079694246
78 14.973194106000221
79 15.884586692388254
80 16.821339815653317
81 17.783387462201532
82 18.770667187722808
83 19.783119725622313
84 20.820688637718078
85 21.883320001673383
86 22.970962130451213
87 24.083565319756588
88 25.221081619998770
89 26.383464629805232
90 27.570669308505259
91 28.782651805364935
92 30.019369303639934
93 31.280779877768140
94 32.566842362233260
95 33.877516230820532
96 35.212761485139225
97 36.572538551423349
98 37.956808184743181
99 39.365531379856861
100 40.798669288024001
101 42.256183139177352
102 43.738034168918915
103 45.244183549865397
104 46.774592326912909
105 48.329221356046929
106 49.908031246359940
107 51.510982304960180
108 53.138034484514122
109 54.789147333166937
110 56.464279946620252
111 58.163390922175097
112 59.886438314549309
113 61.633379593312583
114 63.404171601793365
115 65.198770517320071
116 67.017131812674165
117 68.859210218648883
118 70.724959687612596
119 72.614333357980769
120 74.527283519523934
121 76.463761579420265
122 78.423718028996120
123 80.407102411091074
124 82.413863287977591
125 84.443948209797185
126 86.497303683459023
127 88.573875141946843
128 90.673606914015465
129 92.796442194217406
130 94.942323013238621
131 97.111190208509186
132 99.302983395061148
133 101.517640936601083
134 103.755099916786634
135 106.015296110670675
136 108.298163956303028
137 110.603636526467483
138 112.931645500536661
139 115.282121136434313
140 117.654992242686546
141 120.050186150549052
142 122.467628686204137
143 124.907244143012633
144 127.368955253817830
145 129.852683163279380
146 132.358347400248817
147 134.885865850166624
148 137.435154727478391
149 140.006128548070876
150 142.598700101716418
151 145.212780424526386
152 147.848278771406683
153 150.505102588528132
154 153.183157485780669
155 155.882347209244756
156 158.602573613650236
157 161.343736634850245
158 164.105734262279327
159 166.888462511430248
160 169.691815396316372
161 172.515684901962572
162 175.359960956879661
163 178.224531405564221
164 181.109281981012657
165 184.014096277243880
166 186.938855721847347
167 189.883439548562762
168 192.847724769883257
169 195.831586149691816
170 198.834896175943811
171 201.857525033396257
172 204.899340576383509
173 207.960208301654745
174 211.039991321278137
175 214.138550335619527
176 217.255743606391661
177 220.391426929798342
178 223.545453609773915
179 226.717674431316141
180 229.907937633949814
181 233.116088885290594
182 236.341971254747875
183 239.585425187371584
184 242.846288477836993
185 246.124396244596767
186 249.419580904195982
187 252.731672145770062
188 256.060496905731043
189 259.405879342656476
190 262.767640812395882
191 266.145599843385298
192 269.539572112210635
193 272.949370419426089
194 276.374804665614818
195 279.815681827734352
196 283.271805935745078
197 286.742978049541875
198 290.228996236188323
199 293.729655547492655
200 297.244747997909371
201 300.774062542807144
202 304.317385057095407
203 307.874498314239815
204 311.445181965679126
205 315.029212520649708
206 318.626363326441606
207 322.236404549100484
208 325.859103154585682
209 329.494222890410470
210 333.141524267770251
211 336.800764544181106
212 340.471697706643226
213 344.154074455347200
214 347.847642187937822
215 351.552144984359870
216 355.267323592290154
217 358.992915413187234
218 362.728654488964025
219 366.474271489311150
220 370.229493699688078
221 373.994045009981846
222 377.767645903884045
223 381.550013448994605
224 385.340861287623511
225 389.139899628385592
226 392.946835238565086
227 396.761371437259299
228 400.583208089350137
229 404.412041600285988
230 408.247564911738891
231 412.089467498111389
232 415.937435363945497
233 419.791151042217507
234 423.650293593582205
235 427.514538606544534
236 431.383558198598053
237 435.257021018354521
238 439.134592248656077
239 443.015933610728894
240 446.900703369348548
241 450.788556339088473
242 454.679143891616491
243 458.572113964105142
244 462.467111068739769
245 466.363776303358691
246 470.261747363235941
247 474.160658554036559
248 478.060140805930359
249 481.959821688929537
250 485.859325429415435
251 489.758272927899839
252 493.656281778052858
253 497.552966286953392
254 501.447937496635745
255 505.340803206934197
256 509.231167999612126
257 513.118633263819902
258 517.002797222867343
259 520.883254962368142
260 524.759598459715789
261 528.631416614918521
262 532.498295282838740
263 536.359817306801347
264 540.215562553587688
265 544.065107949865251
266 547.908027519995926
267 551.743892425286504
268 555.572271004658319
269 559.392728816740259
270 563.204828683403321
271 567.008130734744555
272 570.802192455477780
273 574.586568732805404
274 578.360811905704509
275 582.124471815659604
276 585.877095858835787
277 589.618229039694029
278 593.347414026012530
279 597.064191205338602
280 600.768098742870734
281 604.458672640715349
282 608.135446798561929
283 611.797953075708165
284 615.445721354473449
285 619.078279604933527
286 622.695153951012117
287 626.295868737846035
288 629.879946600437961
289 633.446908533575083
290 636.996273962956820
291 640.527560817520566
292 644.040285602923177
293 647.533963476138410
294 651.008108321147006
295 654.462232825622209
296 657.895848558636771
297 661.308466049284334
298 664.699594866158236
299 668.068743697659329
300 671.415420433027862
301 674.739132244064763
302 678.039385667410443
303 681.315686687357584
304 684.567540819058422
305 687.794453192028072
306 690.995928633872722
307 694.171471754088884
308 697.320587027818419
309 700.442778879410525
310 703.537551765658350
311 706.604410258537200
312 709.642859127257339
313 712.652403419445818
314 715.632548541249207
315 718.582800336120954
316 721.502665162033509
317 724.391649966844625
318 727.249262361521005
319 730.075010690862200
320 732.868404101392343
321 735.628952605974519
322 738.356167144732808
323 741.049559641754058
324 743.708643057075506
325 746.332931433266822
326 748.921939936019498
327 751.475184887914793
328 753.992183794563744
329 756.472455362183382
330 758.915519505500242
331 761.320897344843843
332 763.688111191084090
333 766.016684516845089
334 768.306141912330304
335 770.556009023786601
336 772.765812472418020
337 774.935079751154717
338 777.063339096471054
339 779.150119331853830
340 781.194949679125330
341 783.197359533214239
342 785.156878195236914
343 787.073034557964320
344 788.945356736707708
345 790.773371637555101
346 792.556604453327509
347 794.294578076071502
348 795.986812412664449
349 797.632823587637631
350 799.232123014161516
351 800.784216310217289
352 802.288602032239623
353 803.744770192373608
354 805.152200517879010
355 806.510360401536673
356 807.818702479335798
357 809.076661755557552
358 810.283652174162398
359 811.439062507176232
360 812.542251393035258
361 813.592541306395105
362 814.589211169975670
363 815.531487219154997
364 816.418531587425377
365 817.249427872240403
366 818.023162628975570
367 818.738601261607982
368 819.394456019750123
369 819.989242565748327
370 820.521219441828862
371 820.988300911640408
372 821.387926499957075
373 821.716851616626627
374 821.970839900995315
375 822.143521572896134
376 822.229665536843868
377 822.184663151766244
378 822.139038703360939
379 821.551905879030983
380 821.960676316952913
381 820.988142584871639
382 822.106033445954836
383 821.106427177749310
384 822.649084666033104
385 821.649086918042713
386 823.576226397646224
387 822.576226403328974
388 824.903037205159308
389 823.903037205170449
390 826.674807388102408
391 825.674807388116278
392 828.974454377570737
393 827.974454377588245
394 831.949920251315007
395 830.949920251347748
396 835.894518085978916
397 834.894518086023027
398 841.574576814374041
399 840.574576814384500
