1 0.000015392266461
2 0.000108024243074
3 0.000387051966757
4 0.000979057304036
5 0.002013048558186
6 0.003620597501478
7 0.005935986388373
8 0.009096365937144
9 0.013241925389972
10 0.018516075897223
11 0.025065648641799
12 0.033041109294020
13 0.042596790608304
14 0.053891145228697
15 0.067087021053723
16 0.082351961858011
17 0.099858536275136
18 0.119784698720796
19 0.142314186401286
20 0.167636957226264
21 0.195949674260660
22 0.227456243318752
23 0.262368411482441
24 0.300906435772763
25 0.343299832949185
26 0.389788223598899
27 0.440622286362654
28 0.496064841526934
29 0.556392087459930
30 0.621895018786880
31 0.692881062147492
32 0.769675974379748
33 0.852626059786861
34 0.942100778789261
35 1.038495841281055
36 1.142236906656080
37 1.253784052021778
38 1.373637225883861
39 1.502342984457805
40 1.640502924689358
41 1.788784404979879
42 1.947934407601402
43 2.118797884080372
44 2.302342286558968
45 2.499693396279334
46 2.712177067958528
47 2.941437428202399
48 3.189330031728758
49 3.459242759748967
50 3.751331996188476
51 4.085687386796018
52 4.416141963187911
53 4.935233538812383
54 5.152385063622802
55 6.013020578676063
56 5.841591554871968
57 6.828178430390373
58 6.405237708891832
59 7.404446462622346
60 6.845020427321167
61 7.844984333058029
62 7.177378242375987
63 8.177376878990586
64 7.413710799703040
65 8.413710755516917
66 7.561400867668027
67 8.561400866410771
68 7.625537882212974
69 8.625537882181035
70 7.609824803863361
71 8.609824803862580
72 7.517062983703831
73 8.517062983703639
74 7.349434175071991
75 8.349434175071536
76 7.108676275386159
77 8.108676275385776
78 6.796198781937520
79 7.796198781936724
80 6.413161850569608
81 7.413161850569196
82 5.960532269482428
83 6.960532269482428
84 5.439124193644403
85 6.439124193644147
86 4.849629479755450
87 5.849629479754981
88 4.192640723470774
89 5.192640723470092
90 3.468669051760770
91 4.468669051760770
92 2.678158067270417
93 3.678158067269635
94 1.821494918239694
95 2.821494918239125
96 0.899019186965802
97 1.899019186965660
98 0.088969900678080
99 0.911030099321437
100 1.142207574211170
101 0.142207574211298
102 2.260458648806946
103 1.260458648807216
104 3.443513476671441
105 2.443513476671797
106 4.691184558248452
107 3.691184558249148
108 6.003303688093780
109 5.003303688094064
110 7.379719537355413
111 6.379719537355854
112 8.820295595291498
113 7.820295595291910
114 10.324908407967200
115 9.324908407967214
116 11.893446064407115
117 10.893446064407883
118 13.525806889960222
119 12.525806889960705
120 15.221898314059587
121 14.221898314060184
122 16.981635885500793
123 15.981635885501305
124 18.804942413030574
125 17.804942413030773
126 20.691747212870297
127 19.691747212871178
128 22.641985447828375
129 21.641985447828603
130 24.655597545172725
131 23.655597545172867
132 26.732528682455950
133 25.732528682456774
134 28.872728332183584
135 27.872728332184295
136 31.076149857575473
137 30.076149857576894
138 33.342750152846264
139 32.342750152846293
140 35.672489322375526
141 34.672489322376094
142 38.065330393947846
143 37.065330393947903
144 40.521239061908517
145 39.521239061909228
146 43.040183456672111
147 42.040183456674555
148 45.622133937475724
149 44.622133937475809
150 48.267062905700982
151 47.267062905701181
152 50.974944636426443
153 49.974944636428063
154 53.745755126176675
155 52.745755126176846
156 56.579471955084216
157 55.579471955085978
158 59.476074161910987
159 58.476074161911157
160 62.435542130551113
161 61.435542130552136
162 65.457857486818455
163 64.457857486819734
164 68.543003004449389
165 67.543003004450213
166 71.690962519383561
167 70.690962519384186
168 74.901720851490921
169 73.901720851492257
170 78.175263733012969
171 77.175263733013765
172 81.511577743040107
173 80.511577743041045
174 84.910650247484000
175 83.910650247484739
176 88.372469343969840
177 87.372469343971431
178 91.897023811234419
179 90.897023811234817
180 95.484303062584104
181 94.484303062585468
182 99.134297103043366
183 98.134297103043821
184 102.846996489871515
185 101.846996489872140
186 106.622392296140220
187 105.622392296142152
188 110.460476077095052
189 109.460476077095052
190 114.361239839071857
191 113.361239839072539
192 118.324676010736709
193 117.324676010737221
194 122.350777416452217
195 121.350777416453525
196 126.439537251604122
197 125.439537251604918
198 130.590949059699994
199 129.590949059701416
200 134.805006711119745
201 133.805006711120484
202 139.081704383371004
203 138.081704383371857
204 143.421036542722845
205 142.421036542724778
206 147.822997927119218
207 146.822997927122401
208 152.287583530264101
209 151.287583530264158
210 156.814788586792190
211 155.814788586793725
212 161.404608558430311
213 160.404608558432017
214 166.057039121093453
215 165.057039121094363
216 170.772076152813611
217 169.772076152817704
218 175.549715722474104
219 174.549715722474730
220 180.389954079267511
221 179.389954079268364
222 185.292787642830149
223 184.292787642831740
224 190.258212993994562
225 189.258212993998313
226 195.286226866141135
227 194.286226866146137
228 200.376826137068520
229 199.376826137080911
230 205.530007821381844
231 204.530007821384856
232 210.745769063343232
233 209.745769063347836
234 216.024107130149559
235 215.024107130161042
236 221.365019405614078
237 220.365019405617147
238 226.768503384245435
239 225.768503384248220
240 232.234556665640184
241 231.234556665641321
242 237.763176949239380
243 236.763176949241540
244 243.354362029366541
245 242.354362029366655
246 249.008109790555238
247 248.008109790556318
248 254.724418203156972
249 253.724418203159644
250 260.503285319182567
251 259.503285319184101
252 266.344709268380029
253 265.344709268381735
254 272.248688254535978
255 271.248688254536205
256 278.215220551977836
257 277.215220551983748
258 284.244304502267937
259 283.244304502268847
260 290.335938511076620
261 289.335938511076733
262 296.490121045231490
263 295.490121045231490
264 302.706850629909468
265 301.706850629912083
266 308.986125845993683
267 307.986125845997094
268 315.327945327558496
269 314.327945327559291
270 321.732307759492528
271 320.732307759494802
272 328.199211875247329
273 327.199211875249262
274 334.728656454686188
275 333.728656454688917
276 341.320640322055624
277 340.320640322059376
278 347.975162344082150
279 346.975162344085675
280 354.692221428107018
281 353.692221428110201
282 361.471816520372499
283 360.471816520373409
284 368.313946604355806
285 367.313946604357966
286 375.218610699207716
287 374.218610699208853
288 382.185807858255430
289 381.185807858255544
290 389.215537167579214
291 388.215537167579669
292 396.307797744663276
293 395.307797744663617
294 403.462588737100532
295 402.462588737101214
296 410.679909321382524
297 409.679909321383889
298 417.959758701707187
299 416.959758701708324
300 425.302136108893819
301 424.302136108895297
302 432.707040799291917
303 431.707040799293054
304 440.174472053782665
305 439.174472053786872
306 447.704429176818508
307 446.704429176823623
308 455.296911495497397
309 454.296911495502059
310 462.951918358680018
311 461.951918358683201
312 470.669449136137928
313 469.669449136143612
314 478.449503217781739
315 477.449503217784923
316 486.292080012866904
317 485.292080012867018
318 494.197178949257705
319 493.197178949261342
320 502.164799472762752
321 501.164799472765822
322 510.194941046420695
323 509.194941046426152
324 518.287603149896427
325 517.287603149897222
326 526.442785278830002
327 525.442785278834890
328 534.660486944286390
329 533.660486944287413
330 542.940707672170447
331 541.940707672176131
332 551.283447002693265
333 550.283447002694970
334 559.688704489866723
335 558.688704489870020
336 568.156479700990872
337 567.156479700993827
338 576.686772216192708
339 575.686772216194754
340 585.279581627981315
341 584.279581627983703
342 593.934907540791073
343 592.934907540791642
344 602.652749570571359
345 601.652749570572951
346 611.433107344401833
347 610.433107344402174
348 620.275980500080891
349 619.275980500085439
350 629.181368685791199
351 628.181368685793586
352 638.149271559706108
353 637.149271559706335
354 647.179688789677357
355 646.179688789679062
356 656.272620052893444
357 655.272620052898105
358 665.428065035592454
359 664.428065035597911
360 674.646023432722359
361 673.646023432723950
362 683.926494947669198
363 682.926494947673746
364 693.269479291979678
365 692.269479291982179
366 702.674976185104697
367 701.674976185107198
368 712.142985354117400
369 711.142985354119674
370 721.673506533466025
371 720.673506533467616
372 731.266539464761991
373 730.266539464763127
374 740.922083896520235
375 739.922083896529784
376 750.640139583980499
377 749.640139583990958
378 760.420706288816518
379 759.420706288831070
380 770.263783779023242
381 769.263783779023470
382 780.169371828652856
383 779.169371828666954
384 790.137470217650389
385 789.137470217674945
386 800.168078733269112
387 799.168078733302082
388 810.261197778453834
389 809.261197778471342
390 820.416922615693466
391 819.416922615696649
392 830.641439487241541
393 829.641439487248817
394 841.085704129954593
395 840.085704129982787
396 852.962317401295650
397 851.962317401347036
398 870.008623591872947
399 869.008623591899550
