1 0.000252891399173
2 0.001791023131786
3 0.006494785946286
4 0.016674110157805
5 0.034886066477680
6 0.064010141591933
7 0.107359654121066
8 0.168842847789854
9 0.253349431754984
10 0.366386193043242
11 0.521735065551203
12 0.703777074898756
13 1.070919455696190
14 1.154376902909638
15 1.990389845574665
16 1.477686431056700
17 2.468419125420443
18 1.502096576796308
19 2.501839960706530
20 1.227031144443085
21 2.227026236911499
22 0.672382122137940
23 1.672382049304069
24 0.150759963820008
25 0.849240035282921
26 1.236235902910813
27 0.236235902920420
28 2.580331442190754
29 1.580331442190911
30 4.180665857088222
31 3.180665857088378
32 6.035708596167794
33 5.035708596168028
34 8.149197815274434
35 7.149197815274512
36 10.642663806652159
37 9.642663806652365
38 14.507029451815669
39 13.507029451815789
