1 0.000049744409476
2 0.000346155981155
3 0.001227454272098
4 0.003068526480860
5 0.006230773531714
6 0.011063821424074
7 0.017907056084755
8 0.027091013707228
9 0.038938653282958
10 0.053766533938834
11 0.071885916549622
12 0.093603806730217
13 0.119223954537123
14 0.149047824979323
15 0.183375552639054
16 0.222506893338249
17 0.266742185791408
18 0.316383336613359
19 0.371734842880240
20 0.433104867769188
21 0.500806386653910
22 0.575158423585211
23 0.656487401439346
24 0.745128633449614
25 0.841427989637186
26 0.945743779262941
27 1.058448900488425
28 1.179933321801720
29 1.310606977758201
30 1.450903186054170
31 1.601282726724872
32 1.762238771592251
33 1.934302919672621
34 2.118052692672233
35 2.314120991508851
36 2.523208238910257
37 2.746098291956855
38 2.983679752699402
39 3.236975564124329
40 3.507183583794770
41 3.795747728331001
42 4.104398879961948
43 4.435651879755547
44 4.791278287487124
45 5.182228824413244
46 5.587699735537704
47 6.125927465893881
48 6.474267636943047
49 7.329042986504703
50 7.331350074964305
51 8.318796200178099
52 8.065623913709992
53 9.065049669512618
54 8.676211435458256
55 9.676192662005107
56 9.180201609979569
57 10.180201133359169
58 9.589122323960069
59 10.589122314166566
60 9.910319679474568
61 10.910319679307413
62 10.148820201180676
63 11.148820201178275
64 10.308262171760141
65 11.308262171759907
66 10.391385972914243
67 11.391385972914065
68 10.400317400938320
69 11.400317400938057
70 10.336743454224646
71 11.336743454224319
72 10.202027435434296
73 11.202027435433870
74 9.997287554447631
75 10.997287554447446
76 9.723452450005297
77 10.723452450004686
78 9.381301510587889
79 10.381301510587889
80 8.971494842856885
81 9.971494842856842
82 8.494595987829769
83 9.494595987829598
84 7.951089432951122
85 8.951089432951022
86 7.341394311512587
87 8.341394311512460
88 6.665875257936804
89 7.665875257936293
90 5.924851107488379
91 6.924851107488209
92 5.118601939164577
93 6.118601939163753
94 4.247374829085274
95 5.247374829084663
96 3.311388588939110
97 4.311388588938769
98 2.310837697471868
99 3.310837697471484
100 1.245895584464449
101 2.245895584463469
102 0.116717390795472
103 1.116717390795188
104 1.076557698651470
105 0.076557698652167
106 2.333804472809078
107 1.333804472809774
108 3.654910002058614
109 2.654910002059424
110 5.039772186803418
111 4.039772186803845
112 6.488298507434081
113 5.488298507434692
114 8.000404943522000
115 7.000404943522284
116 9.576015035877887
117 8.576015035879024
118 11.215059069781603
119 10.215059069781717
120 12.917473361397185
121 11.917473361397214
122 14.683199632425385
123 13.683199632425783
124 16.512184460480398
125 15.512184460480569
126 18.404378794680213
127 17.404378794681094
128 20.359737527605034
129 19.359737527606143
130 22.378219116099189
131 21.378219116100269
132 24.459785244560607
133 23.459785244561573
134 26.604400525266840
135 25.604400525268261
136 28.812032231087784
137 27.812032231088295
138 31.082650056583901
139 30.082650056585663
140 33.416225904058592
141 32.416225904058649
142 35.812733691577250
143 34.812733691577847
144 38.272149180396212
145 37.272149180396781
146 40.794449819553705
147 39.794449819553734
148 43.379614605680445
149 42.379614605683571
150 46.027623956336072
151 45.027623956338005
152 48.738459595376412
153 47.738459595377549
154 51.512104449057546
155 50.512104449058626
156 54.348542551734141
157 53.348542551736102
158 57.247758960136309
159 56.247758960136480
160 60.209739675328535
161 59.209739675328819
162 63.234471571605269
163 62.234471571606264
164 66.321942331571307
165 65.321942331571677
166 69.472140386828187
167 68.472140386830858
168 72.685054863712423
169 71.685054863713276
170 75.960675533583498
171 74.960675533586283
172 79.298992767240861
173 78.298992767241259
174 82.699997493073056
175 81.699997493073113
176 86.163681158590975
177 85.163681158592624
178 89.690035695048152
179 88.690035695048209
180 93.279053484839324
181 92.279053484840915
182 96.930727331459366
183 95.930727331461412
184 100.645050431772006
185 99.645050431773313
186 104.422016350403737
187 103.422016350404419
188 108.261618996051766
189 107.261618996055176
190 112.163852599583265
191 111.163852599585937
192 116.128711693735852
193 115.128711693736932
194 120.156191094298435
195 119.156191094302244
196 124.246285882664893
197 123.246285882667735
198 128.398991389614139
199 127.398991389615560
200 132.614303180261572
201 131.614303180264187
202 136.892217040036485
203 135.892217040038304
204 141.232728961655425
205 140.232728961656335
206 145.635835132972261
207 144.635835132974876
208 150.101531925664347
209 149.101531925665256
210 154.629815884659763
211 153.629815884661582
212 159.220683718302269
213 158.220683718305509
214 163.874132289122485
215 162.874132289124361
216 168.590158605258694
217 167.590158605262047
218 173.368759812375856
219 172.368759812379096
220 178.209933186159731
221 177.209933186160072
222 183.113676125246741
223 182.113676125255665
224 188.079986144619170
225 187.079986144623206
226 193.108860869402633
227 192.108860869406044
228 198.200298029046735
229 197.200298029050714
230 203.354295451869746
231 202.354295451872702
232 208.570851059924678
233 207.570851059931044
234 213.849962864179531
235 212.849962864186239
236 219.191628959985849
237 218.191628959992556
238 224.595847522807560
239 223.595847522811937
240 230.062616804208062
241 229.062616804211814
242 235.591935128069963
243 234.591935128080479
244 241.183800887025541
245 240.183800887037648
246 246.838212539099743
247 245.838212539102528
248 252.555168604534572
249 251.555168604539062
250 258.334667662801564
251 257.334667662807078
252 264.176708349775936
253 263.176708349776732
254 270.081289355060903
255 269.081289355067611
256 276.048409419476002
257 275.048409419480436
258 282.078067332657270
259 281.078067332685123
260 288.170261930813354
261 287.170261930839843
262 294.324992094583422
263 293.324992094602180
264 300.542256747013425
265 299.542256747036504
266 306.822054851645817
267 305.822054851664689
268 313.164385410697719
269 312.164385410720570
270 319.569247463347438
271 318.569247463356419
272 326.036640084095552
273 325.036640084096916
274 332.566562381220479
275 331.566562381233894
276 339.159013495306340
277 338.159013495330214
278 345.813992597847232
279 344.813992597867468
280 352.531498889925047
281 351.531498889932891
282 359.311531600945955
283 358.311531600970852
284 366.154089987443854
285 365.154089987476709
286 373.059173331940201
287 372.059173331961460
288 380.026780941860920
289 379.026780941878201
290 387.056912148510946
291 386.056912148523338
292 394.149566306080260
293 393.149566306113911
294 401.304742790722912
295 400.304742790739624
296 408.522440999659011
297 407.522440999678338
298 415.802660350325141
299 414.802660350351744
300 423.145400279566502
301 422.145400279599926
302 430.550660242870890
303 429.550660242909544
304 438.018439713630983
305 437.018439713698172
306 445.548738182427883
307 444.548738182467673
308 453.141555156383561
309 452.141555156421759
310 460.796890158503402
311 459.796890158557176
312 468.514742727079579
313 467.514742727081170
314 476.295112415090216
315 475.295112415092376
316 484.137998789656081
317 483.137998789656535
318 492.043401431496136
319 491.043401431498864
320 500.011319934431413
321 499.011319934436528
322 508.041753904883649
323 507.041753904885354
324 516.134702961410085
325 515.134702961410198
326 524.290166734259856
327 523.290166734262471
328 532.508144864957785
329 531.508144864958240
330 540.788637005864075
331 539.788637005864189
332 549.131642819819376
333 548.131642819820968
334 557.537161979744383
335 556.537161979746429
336 566.005194168284220
337 565.005194168284447
338 574.535739077462608
339 573.535739077472954
340 583.128796408365361
341 582.128796408366952
342 591.784365870802276
343 590.784365870804777
344 600.502447183001777
345 599.502447183006666
346 609.283040071361370
347 608.283040071365349
348 618.126144270090549
349 617.126144270098393
350 627.031759521024583
351 626.031759521030494
352 635.999885573304141
353 634.999885573305164
354 645.030522183147241
355 644.030522183149515
356 654.123669113627443
357 653.123669113629376
358 663.279326134425446
359 662.279326134425446
360 672.497493021604441
361 671.497493021611945
362 681.778169557431283
363 680.778169557432648
364 691.121355530111714
365 690.121355530126039
366 700.527050733666783
367 699.527050733672240
368 709.995254967693427
369 708.995254967696610
370 719.525968037207576
371 718.525968037208486
372 729.119189752447710
373 728.119189752448619
374 738.774919928727741
375 737.774919928733425
376 748.493158386273763
377 747.493158386277628
378 758.273904950058750
379 757.273904950061251
380 768.117159449647033
381 767.117159449659084
382 778.022921719106307
383 777.022921719107444
384 787.991191596834369
385 786.991191596852559
386 798.021968922711949
387 797.021968929305785
388 808.115253460510303
389 807.115254236461396
390 818.271115641475717
391 817.271152772644882
392 828.494838767005149
393 827.495613580398413
394 838.911648873563308
395 837.917683008385211
396 850.525016647776511
397 849.537004381464612
398 866.496768283446499
399 865.515602879050903
