1 0.000000081305679
2 0.000000568991587
3 0.000002031456683
4 0.000005117370535
5 0.000010474225040
6 0.000018748340104
7 0.000030584870684
8 0.000046627812115
9 0.000067520006695
10 0.000093903149773
11 0.000126417795448
12 0.000165703363056
13 0.000212398142995
14 0.000267139302423
15 0.000330562891421
16 0.000403303849035
17 0.000485996009033
18 0.000579272105739
19 0.000683763779289
20 0.000800101582417
21 0.000928914985629
22 0.001070832382734
23 0.001226481096740
24 0.001396487385737
25 0.001581476447683
26 0.001782072425932
27 0.001998898410331
28 0.002232576422088
29 0.002483727325789
30 0.002752970429437
31 0.003040921832802
32 0.003348188046338
33 0.003675342793727
34 0.004022847614245
35 0.004390796276752
36 0.004778142319353
37 0.005180512812458
38 0.005584435149139
39 0.005953186576072
40 0.006194845553644
41 0.006096599953807
42 0.005203883812264
43 0.002627012040186
44 0.003214369052138
45 0.014839530765109
46 0.035811159556580
47 0.070553050500664
48 0.123851831677300
49 0.200200548279128
50 0.303247013050054
51 0.435534308548398
52 0.598542597664256
53 0.792912891737622
54 1.018716938512064
55 1.275688912453447
56 1.563390985828683
57 1.881317871171184
58 2.228956593667483
59 2.605817369170204
60 3.011447362652746
61 3.445434971725184
62 3.907409218969107
63 4.397036854455479
64 4.914018578664681
65 5.458085113522714
66 6.028993471559886
67 6.626523570577518
68 7.250475236344585
69 7.900665584430229
70 8.576926749395895
71 9.279103921570879
72 10.007053651008462
73 10.760642381047560
74 11.539745178041628
75 12.344244628245079
76 13.174029877044504
77 14.028995789494758
78 14.909042214391576
79 15.814073336907200
80 16.743997107172746
81 17.698724734170355
82 18.678170235952336
83 19.682250038583462
84 20.710882617356461
85 21.763988174796282
86 22.841488350772295
87 23.943305960717183
88 25.069364758519399
89 26.219589221135422
90 27.393904352377120
91 28.592235503669926
92 29.814508209869217
93 31.060648038478860
94 32.330580450820136
95 33.624230673886387
96 34.941523581777545
97 36.282383585740604
98 37.646734531961584
99 39.034499606352796
100 40.445601245672549
101 41.879961054386911
102 43.337499726750593
103 44.818136973642311
104 46.321791453745163
105 47.848380708700915
106 49.397821101912058
107 50.970027760698486
108 52.564914521546143
109 54.182393878214555
110 55.822376932487856
111 57.484773347384248
112 59.169491302655558
113 60.876437452417520
114 62.605516884776705
115 64.356633083334344
116 66.129687890443051
117 67.924581472127556
118 69.741212284569002
119 71.579477042078281
120 73.439270686474259
121 75.320486357807255
122 77.223015366360045
123 79.146747165877713
124 81.091569327966937
125 83.057367517628620
126 85.044025469874526
127 87.051424967394439
128 89.079445819240817
129 91.127965840492550
130 93.196860832879935
131 95.286004566337340
132 97.395268761465900
133 99.524523072874928
134 101.673635073400845
135 103.842470239165692
136 106.030891935474955
137 108.238761403532862
138 110.465937747957241
139 112.712277925096657
140 114.977636732126797
141 117.261866796915513
142 119.564818568654857
143 121.886340309247828
144 124.226278085439219
145 126.584475761686406
146 128.960774993767586
147 131.355015223112730
148 133.767033671856780
149 136.196665338608170
150 138.643742994933120
151 141.108097182538472
152 143.589556211165302
153 146.087946157171359
154 148.603090862816032
155 151.134811936230392
156 153.682928752074588
157 156.247258452875087
158 158.827615951048756
159 161.423813931593997
160 164.035662855461794
161 166.662970963584200
162 169.305544281583934
163 171.963186625130731
164 174.635699605965044
165 177.322882638569638
166 180.024532947500745
167 182.740445575358933
168 185.470413391406510
169 188.214227100820267
170 190.971675254587183
171 193.742544260025568
172 196.526618391934619
173 199.323679804366236
174 202.133508543014898
175 204.955882558223436
176 207.790577718593852
177 210.637367825203285
178 213.496024626418830
179 216.366317833304379
180 219.248015135616868
181 222.140882218383581
182 225.044682779056529
183 227.959178545241969
184 230.884129292981299
185 233.819292865604609
186 236.764425193128886
187 239.719280312206592
188 242.683610386601686
189 245.657165728215205
190 248.639694818620910
191 251.630944331119963
192 254.630659153312308
193 257.638582410171580
194 260.654455487605730
195 263.678018056509870
196 266.709008097302160
197 269.747161924923034
198 272.792214214304238
199 275.843898026284876
200 278.901944833984089
201 281.966084549596019
202 285.036045551629002
203 288.111554712547104
204 291.192337426837753
205 294.278117639472498
206 297.368617874754875
207 300.463559265560491
208 303.562661582939597
209 306.665643266093298
210 309.772221452693202
211 312.882112009545835
212 315.995029563596745
213 319.110687533246391
214 322.228798159993062
215 325.349072540367956
216 328.471220658157335
217 331.594951416927643
218 334.719972672796075
219 337.845991267484578
220 340.972713061605759
221 344.099842968198345
222 347.227084986489672
223 350.354142235876793
224 353.480716990108135
225 356.606510711671604
226 359.731224086354132
227 362.854557057992110
228 365.976208863371880
229 369.095878067283252
230 372.213262597722519
231 375.328059781215302
232 378.439966378268650
233 381.548678618917165
234 384.653892238375079
235 387.755302512772914
236 390.852604294965090
237 393.945492050399707
238 397.033659893043364
239 400.116801621348941
240 403.194610754235214
241 406.266780567103865
242 409.333004127861045
243 412.392974332911990
244 415.446383943177466
245 418.492925620043025
246 421.532291961295869
247 424.564175537000551
248 427.588268925314992
249 430.604264748238961
250 433.611855707268546
251 436.610734618957622
252 439.600594450384165
253 442.581128354475595
254 445.552029705225550
255 448.512992132755585
256 451.463709558225787
257 454.403876228580430
258 457.333186751125709
259 460.251336127895684
260 463.158019789844957
261 466.052933630806251
262 468.935774041231639
263 471.806237941701283
264 474.664022816162287
265 477.508826744929138
266 480.340348437389252
267 483.158287264425326
268 485.962343290530725
269 488.752217305616796
270 491.527610856478873
271 494.288226277920216
272 497.033766723514418
273 499.763936195996621
274 502.478439577249333
275 505.176982657898975
276 507.859272166467122
277 510.525015798088702
278 513.173922242773415
279 515.805701213173847
280 518.420063471863500
281 521.016720858075132
282 523.595386313924109
283 526.155773910041148
284 528.697598870610932
285 531.220577597815918
286 533.724427695609620
287 536.208867992832552
288 538.673618565609559
289 541.118400759023416
290 543.542937208006720
291 545.946951857422619
292 548.330169981289487
293 550.692318201132480
294 553.033124503369777
295 555.352318255722821
296 557.649630222585984
297 559.924792579278233
298 562.177538925158160
299 564.407604295474584
300 566.614725171943178
301 568.798639491925201
302 570.959086656136037
303 573.095807534787809
304 575.208544472070571
305 577.297041288874539
306 579.361043283557251
307 581.400297230746332
308 583.414551377923203
309 585.403555439674960
310 587.367060589436051
311 589.304819448530111
312 591.216586072278346
313 593.102115932976744
314 594.961165899446428
315 596.793494212884752
316 598.598860458732929
317 600.377025534162613
318 602.127751610808446
319 603.850802092352978
320 605.545941566416218
321 607.212935750285624
322 608.851551429838196
323 610.461556391015279
324 612.042719343087697
325 613.594809832887222
326 615.117598149030755
327 616.610855215110178
328 618.074352470629378
329 619.507861738325573
330 620.911155076327077
331 622.284004613427783
332 623.626182365446198
333 624.937460030405305
334 626.217608759927089
335 627.466398903821869
336 628.683599724438864
337 629.868979076773712
338 631.022303049682932
339 632.143335562851121
340 633.231837913205027
341 634.287568263362346
342 635.310281063485263
343 636.299726396217693
344 637.255649232527730
345 638.177788583862480
346 639.065876533159894
347 639.919637123511393
348 640.738785078908677
349 641.523024325623282
350 642.272046275581374
351 642.985527823741450
352 643.663128999420110
353 644.304490195691869
354 644.909228880061846
355 645.476935661615244
356 646.007169551701395
357 646.499452202766065
358 646.953260836259346
359 647.368019465434713
360 647.743087865551615
361 648.077747515285296
362 648.371183382754111
363 648.622459876086850
364 648.830488373242588
365 648.993982200651431
366 649.111392181029373
367 649.180810297334347
368 649.199822350410955
369 649.165213818464395
370 649.072923996476334
371 648.913299851459215
372 648.695684046789438
373 648.291217372789561
374 648.112213451683374
375 647.243013678778084
376 647.614767214283233
377 646.619509391756765
378 647.390249770000992
379 646.391923701032283
380 647.433524792877961
381 646.435389126814016
382 647.731074147830896
383 646.733112115894755
384 648.286790238620597
385 647.288993107671104
386 649.117573736212080
387 648.119937903378968
388 650.253779189820534
389 649.256304774516821
390 651.743800783490315
391 650.746491258716105
392 653.664911805908559
393 652.667774384649874
394 656.148590435899905
395 655.151637491381962
396 659.450815444922910
397 658.454068355320487
398 664.236283317628704
399 663.239785769618948
