1 0.000749882025325
2 0.005158182781597
3 0.018066923946201
4 0.044643674005430
5 0.089795635107665
6 0.158438777398877
7 0.255796141172036
8 0.387703627307099
9 0.562283223756388
10 0.783132180722792
11 1.109406934785154
12 1.364479714297511
13 2.116293912702901
14 1.921206681943756
15 2.906268204786679
16 2.199794806842533
17 3.199516572858334
18 2.174245533712853
19 3.174242785806179
20 1.867117800735116
21 2.867117784142877
22 1.290979808617013
23 2.290979808551590
24 0.452513685599651
25 1.452513685598685
26 0.644375886846372
27 0.355624113049799
28 1.997247517884521
29 0.997247535448860
30 3.604497610338996
31 2.604498894487598
32 5.465104929872695
33 4.465150960366877
34 7.583654296917068
35 6.584384480965113
36 10.075516183033244
37 9.078924953212777
38 13.796990142391572
39 12.801176428931214
