1 0.000075441933753
2 0.000656121099675
3 0.002873699149282
4 0.008664626975494
5 0.020643790748358
6 0.041988186315431
7 0.076425043631789
8 0.128316076488711
9 0.202973550855317
10 0.306385693974425
11 0.451912350034556
12 0.627252052505334
13 0.978991255251939
14 1.071808348970972
15 1.897542653165139
16 1.399412864007118
17 2.389612659255176
18 1.428311638786731
19 2.428055388054386
20 1.156133654088215
21 2.156129221002434
22 0.603453730399426
23 1.603453673592202
24 0.218261960809450
25 0.781738038616609
26 1.302662515580195
27 0.302662515617691
28 2.645923333713267
29 1.645923336534452
30 4.245595818589123
31 3.245595961722685
32 6.100198821684693
33 5.100204546994817
34 8.217687865775233
35 7.217793807550038
36 10.769864510962819
37 9.770358370084431
38 14.850363967103085
39 13.850969639300288
