1 0.000000000089019
2 0.000000000799548
3 0.000000003640063
4 0.000000011446951
5 0.000000028468066
6 0.000000060358462
7 0.000000114175700
8 0.000000198374254
9 0.000000322801691
10 0.000000498692744
11 0.000000738665342
12 0.000001056715710
13 0.000001468213057
14 0.000001989895459
15 0.000002639864261
16 0.000003437580613
17 0.000004403859162
18 0.000005560864842
19 0.000006932106825
20 0.000008542434728
21 0.000010418033614
22 0.000012586419025
23 0.000015076432796
24 0.000017918238321
25 0.000021143315308
26 0.000024784454578
27 0.000028875749656
28 0.000033452570307
29 0.000038551464474
30 0.000044209740363
31 0.000050463781545
32 0.000057342559852
33 0.000064844082210
34 0.000072854802141
35 0.000080890235338
36 0.000087311123771
37 0.000087105377460
38 0.000066032274390
39 0.000013725297300
40 0.000245937982157
41 0.000846851800063
42 0.002277438813344
43 0.005438638929760
44 0.011928642114690
45 0.024291362405449
46 0.046118181614254
47 0.081859895579669
48 0.136322214223789
49 0.214006280481307
50 0.318558732182396
51 0.452516988395303
52 0.617355838330823
53 0.813714075066713
54 1.041665230180143
55 1.300948895333001
56 1.591135503721873
57 1.911730112230273
58 2.262231600667818
59 2.642163170418932
60 3.051085872862600
61 3.488602763638113
62 3.954358228870987
63 4.448035059308054
64 4.969350666631598
65 5.518053160072256
66 6.093917627720984
67 6.696742766694072
68 7.326347902865564
69 7.982570390254168
70 8.665263357748557
71 9.374293763100383
72 10.109540713648997
73 10.870894016132141
74 11.658252922126223
75 12.471525040103316
76 13.310625389305827
77 14.175475574400764
78 15.066003063166619
79 15.982140552237965
80 16.923825408306158
81 17.890999174138656
82 18.883607130435209
83 19.901597905919743
84 20.944923129209798
85 22.013537116980643
86 23.107396593732872
87 24.226460439156554
88 25.370689459652965
89 26.540046181050116
90 27.734494659955899
91 28.954000311540753
92 30.198529751821951
93 31.468050652786744
94 32.762531608889006
95 34.081942013651172
96 35.426251945244815
97 36.795432060075910
98 38.189453493503635
99 39.608287766929806
100 41.051906700583714
101 42.520282331405326
102 44.013386835488461
103 45.531192454618804
104 47.073671426478683
105 48.640795918147347
106 50.232537962555881
107 51.848869397597554
108 53.489761807624660
109 55.155186467082871
110 56.845114286080332
111 58.559515757674916
112 60.298360906718045
113 62.061619240092597
114 63.849259698198694
115 65.661250607556838
116 67.497559634416007
117 69.358153739259933
118 71.242999132110185
119 73.152061228545875
120 75.085304606361518
121 77.042692962788294
122 79.024189072216700
123 81.029754744366585
124 83.059350782846025
125 85.112936944061886
126 87.190471896424413
127 89.291913179829038
128 91.417217165359062
129 93.566339015198821
130 95.739232642717610
131 97.935850672706295
132 100.156144401739937
133 102.400063758658035
134 104.667557265138328
135 106.958571996348894
136 109.273053541675296
137 111.610945965504811
138 113.972191768063055
139 116.356731846299851
140 118.764505454810489
141 121.195450166801095
142 123.649501835085346
143 126.126594553118480
144 128.626660616061770
145 131.149630481892757
146 133.695432732546294
147 136.263994035103508
148 138.855239103027827
149 141.469090657450977
150 144.105469388525080
151 146.764293916829331
152 149.445480754860682
153 152.148944268603771
154 154.874596639186677
155 157.622347824646226
156 160.392105521794917
157 163.183775128220248
158 165.997259704406133
159 168.832459936001612
160 171.689274096256042
161 174.567598008611697
162 177.467325009482636
163 180.388345911235717
164 183.330548965373907
165 186.293819825951459
166 189.278041513219137
167 192.283094377527789
168 195.308856063508415
169 198.355201474521209
170 201.422002737422133
171 204.509129167628657
172 207.616447234527357
173 210.743820527236267
174 213.891109720719783
175 217.058172542289981
176 220.244863738511469
177 223.451035042519379
178 226.676535141770330
179 229.921209646245927
180 233.184901057121920
181 236.467448735927348
182 239.768688874203235
183 243.088454463688549
184 246.426575267034764
185 249.782877789088957
186 253.157185248747680
187 256.549317551401657
188 259.959091261986487
189 263.386319578679831
190 266.830812307225472
191 270.292375835930784
192 273.770813111350208
193 277.265923614659073
194 280.777503338752183
195 284.305344766077837
196 287.849236847223438
197 291.408964980270127
198 294.984310990936535
199 298.575053113534409
200 302.180965972731769
201 305.801820566174456
202 309.437384247944976
203 313.087420712908738
204 316.751689981940103
205 320.429948388066919
206 324.121948563520391
207 327.827439427736294
208 331.546166176299494
209 335.277870270870949
210 339.022289430086971
211 342.779157621461536
212 346.548205054308255
213 350.329158173681549
214 354.121739655367946
215 357.925668401939106
216 361.740659539855415
217 365.566424417676558
218 369.402670605360527
219 373.249101894668343
220 377.105418300692577
221 380.971316064524672
222 384.846487657063449
223 388.730621783978222
224 392.623403391855391
225 396.524513675494973
226 400.433630086424500
227 404.350426342599235
228 408.274572439309622
229 412.205734661298493
230 416.143575596125970
231 420.087754148739691
232 424.037925557304106
233 427.993741410277153
234 431.954849664733388
235 435.920894665945070
236 439.891517168247560
237 443.866354357166301
238 447.845039872809139
239 451.827203834552392
240 455.812472867015686
241 459.800470127306653
242 463.790815333572255
243 467.783124794844412
244 471.777011442155867
245 475.772084860967993
246 479.767951324904516
247 483.764213830757853
248 487.760472134797396
249 491.756322790368472
250 495.751359186799050
251 499.745171589575534
252 503.737347181796281
253 507.727470106930127
254 511.715121512840028
255 515.699879597067252
256 519.681319653391597
257 523.659014119662402
258 527.632532626848047
259 531.601442049357047
260 535.565306556587529
261 539.523687665686680
262 543.476144295544373
263 547.422232821982220
264 551.361507134141107
265 555.293518692026737
266 559.217816585253900
267 563.133947592918389
268 567.041456244610117
269 570.939884882558658
270 574.828773724871894
271 578.707660929855251
272 582.576082661427108
273 586.433573155543513
274 590.279664787672573
275 594.113888141281222
276 597.935772077286401
277 601.744843804466655
278 605.540628950823475
279 609.322651635834745
280 613.090434543593460
281 616.843498996786025
282 620.581365031512860
283 624.303551472884919
284 628.009576011367812
285 631.698955279846928
286 635.371204931395596
287 639.025839717669555
288 642.662373567900659
289 646.280319668481411
290 649.879190543032564
291 653.458498132962063
292 657.017753878447820
293 660.556468799778600
294 664.074153579003109
295 667.570318641862968
296 671.044474239901774
297 674.496130532714574
298 677.924797670246676
299 681.329985875103716
300 684.711205524748380
301 688.067967233573768
302 691.399781934676753
303 694.706160961291630
304 697.986616127810294
305 701.240659810204420
306 704.467805025812368
307 707.667565512318902
308 710.839455805825082
309 713.982991317847450
310 717.097688411107811
311 720.183064473942750
312 723.238637993150405
313 726.263928625087829
314 729.258457264798835
315 732.221746112950996
316 735.153318740331315
317 738.052700149615021
318 740.919416834111189
319 743.752996833160296
320 746.552969783829667
321 749.318866968471184
322 752.050221357734927
323 754.746567648530345
324 757.407442296396766
325 760.032383541694571
326 762.620931428910126
327 765.172627818346655
328 767.687016389374094
329 770.163642634286816
330 772.602053841689894
331 775.001799068254286
332 777.362429097524227
333 779.683496384175442
334 781.964554982094796
335 784.205160454294401
336 786.404869762390035
337 788.563241133185329
338 790.679833899363530
339 792.754208311010871
340 794.785925314037058
341 796.774546291106844
342 798.719632759866727
343 800.620746022459343
344 802.477446759301756
345 804.289294558905567
346 806.055847374037285
347 807.776660892759992
348 809.451287810824397
349 811.079276989143636
350 812.660172476996422
351 814.193512377559955
352 815.678827527437988
353 817.115639955632787
354 818.503461079604676
355 819.841789586004552
356 821.130108930821962
357 822.367884377004202
358 823.554559465579359
359 824.689551787334267
360 825.772247882775901
361 826.801997044792643
362 827.778103724444009
363 828.699818136225758
364 829.566324509664355
365 830.376726215157987
366 831.130026663206081
367 831.825104368894699
368 832.460679766154499
369 833.035270023118528
370 833.547125811922342
371 833.994139792642045
372 834.373708819224021
373 834.682509435984912
374 834.916181139743230
375 835.067922006899835
376 835.133279271234187
377 835.057666731102017
378 835.008422969930734
379 834.371190213986438
380 834.829931733331023
381 833.850809220731662
382 834.987919062608626
383 833.988267984133017
384 835.538048895596148
385 834.538287038165208
386 836.467691326369277
387 835.467954850594197
388 837.793457546428272
389 836.793745240962380
390 839.561002735293187
391 838.561314318229279
392 841.853185466914056
393 840.853521401746320
394 844.817476166458391
395 843.817837742500842
396 848.746011902748251
397 847.746401689195409
398 854.401875456617745
399 853.402299034471980
