1 0.000001332634894
2 0.000011881126254
3 0.000053520278589
4 0.000166257727158
5 0.000408018653163
6 0.000853113259189
7 0.001590843756017
8 0.002724251454554
9 0.004369001632723
10 0.006652401841622
11 0.009712548125810
12 0.013697592958787
13 0.018765128573655
14 0.025081679538392
15 0.032822298896217
16 0.042170262859250
17 0.053316859862367
18 0.066461270745336
19 0.081810537888881
20 0.099579622305072
21 0.119991548973346
22 0.143277642134400
23 0.169677853847656
24 0.199441190922279
25 0.232826247410692
26 0.270101852284760
27 0.311547844818605
28 0.357455993709173
29 0.408131080273609
30 0.463892171441746
31 0.525074115049023
32 0.592029298636788
33 0.665129724257195
34 0.744769466641223
35 0.831367601908660
36 0.925371720853207
37 1.027262177765884
38 1.137557277466101
39 1.256819676969933
40 1.385664385582736
41 1.524768908129239
42 1.674886317135638
43 1.836862458961036
44 2.011658932180360
45 2.200385840340040
46 2.404342611841088
47 2.625112973913510
48 2.864527366723827
49 3.125573418218529
50 3.409262222504360
51 3.730783377148470
52 4.058157468677379
53 4.541441919333408
54 4.789793130815923
55 5.618141490142129
56 5.489601283136736
57 6.471775105051769
58 6.066482607442197
59 7.065420506250803
60 6.516753909215659
61 7.516705978700507
62 6.857338476817247
63 7.857336709021027
64 7.100389892632968
65 8.100389837302494
66 7.253733081726793
67 8.253733080221863
68 7.322724717579085
69 8.322724717542911
70 7.311243015798532
71 8.311243015797736
72 7.222211609435334
73 8.222211609435135
74 7.057901534611219
75 8.057901534611020
76 6.820118162817820
77 7.820118162817749
78 6.510323380416352
79 7.510323380416338
80 6.129718913929935
81 7.129718913929366
82 5.679305132444085
83 6.679305132443460
84 5.159923725824967
85 6.159923725824797
86 4.572289416113435
87 5.572289416113179
88 3.917013994475184
89 4.917013994474388
90 3.194624855668863
91 4.194624855668209
92 2.405579503780913
93 3.405579503780118
94 1.550277053850124
95 2.550277053849001
96 0.629067457186082
97 1.629067457185286
98 0.357741022853276
99 0.642258977145744
100 1.409875696946969
101 0.409875696948149
102 2.527094408084437
103 1.527094408085532
104 3.709181342703573
105 2.709181342703630
106 4.955943526558457
107 3.955943526558841
108 6.267207875022109
109 5.267207875022891
110 7.642818695802703
111 6.642818695803854
112 9.082635563450623
113 8.082635563451035
114 10.586531501442764
115 9.586531501443062
116 12.154391420229729
117 11.154391420231761
118 13.786110769518700
119 12.786110769520008
120 15.481594370781238
121 14.481594370782517
122 17.240755402154434
123 16.240755402154718
124 19.063514512735736
125 18.063514512736731
126 20.949799047267447
127 19.949799047267703
128 22.899542365333787
129 21.899542365334327
130 24.912683241807088
131 23.912683241808395
132 26.989165337389153
133 25.989165337389437
134 29.128936729804849
135 28.128936729804849
136 31.331949497687930
137 30.331949497688782
138 33.598159350329695
139 32.598159350330093
140 35.927525297515189
141 34.927525297519139
142 38.320009354448814
143 37.320009354449269
144 40.775576277498629
145 39.775576277499795
146 43.294193327080563
147 42.294193327082354
148 45.875830054475813
149 44.875830054476694
150 48.520458109825000
151 47.520458109825597
152 51.228051068891716
153 50.228051068891972
154 53.998584276493290
155 52.998584276494000
156 56.832034704768375
157 55.832034704770109
158 59.728380824672428
159 58.728380824674161
160 62.687602489291834
161 61.687602489291891
162 65.709680827734786
163 64.709680827735497
164 68.794598148503781
165 67.794598148504917
166 71.942337851391557
167 70.942337851392494
168 75.152884347012446
169 74.152884347013810
170 78.426222983267706
171 77.426222983269497
172 81.762339978000114
173 80.762339978000853
174 85.161222357302620
175 84.161222357303473
176 88.622857898887048
177 87.622857898887446
178 92.147235080089615
179 91.147235080090695
180 95.734343030039668
181 94.734343030041032
182 99.384171485634567
183 98.384171485635932
184 103.096710750968498
185 102.096710750968668
186 106.871951659911872
187 105.871951659912554
188 110.709885541549113
189 109.709885541550250
190 114.610504188246750
191 113.610504188248001
192 118.573799826108655
193 117.573799826111326
194 122.599765087605874
195 121.599765087607011
196 126.688392986243741
197 125.688392986244082
198 130.839676893024887
199 129.839676893025342
200 135.053610514629042
201 134.053610514630520
202 139.330187873126249
203 138.330187873129375
204 143.669403287114278
205 142.669403287117802
206 148.071251354170442
207 147.071251354172261
208 152.535726934497973
209 151.535726934501497
210 157.062825135703577
211 156.062825135703633
212 161.652541298577887
213 160.652541298578342
214 166.304870983840487
215 165.304870983840715
216 171.019809959752706
217 170.019809959756685
218 175.797354190534463
219 174.797354190537192
220 180.637499825554585
221 179.637499825556006
222 185.540243189177147
223 184.540243189178454
224 190.505580771281245
225 189.505580771282951
226 195.533509218372160
227 194.533509218372615
228 200.624025325235721
229 199.624025325238620
230 205.777126027125462
231 204.777126027125746
232 210.992808392407881
233 209.992808392410325
234 216.271069615670626
235 215.271069615670910
236 221.611907011240021
237 220.611907011245876
238 227.015318007076473
239 226.015318007078292
240 232.481300139045914
241 231.481300139049097
242 238.009851045513642
243 237.009851045514949
244 243.600968462260653
245 242.600968462266110
246 249.254650217685878
247 248.254650217690198
248 254.970894228288842
249 253.970894228291115
250 260.749698494405322
251 259.749698494406289
252 266.591061096176873
253 265.591061096178464
254 272.494980189759872
255 271.494980189762146
256 278.461454003726544
257 277.461454003726999
258 284.490480835674703
259 283.490480835675612
260 290.582059049016834
261 289.582059049017289
262 296.736187069946141
263 295.736187069948528
264 302.952863384561624
265 301.952863384562647
266 309.232086536146880
267 308.232086536150860
268 315.573855122592931
269 314.573855122592931
270 321.978167793953389
271 320.978167793959301
272 328.445023250133659
273 327.445023250148779
274 334.974420238689277
275 333.974420238700645
276 341.566357552742602
277 340.566357552744194
278 348.220834029008074
279 347.220834029012053
280 354.937848545913653
281 353.937848545937527
282 361.717400021798767
283 360.717400021824005
284 368.559487413246188
285 367.559487413278589
286 375.464109713448352
287 374.464109713477114
288 382.431265950684292
289 381.431265950720899
290 389.460955186853766
291 388.460955186888668
292 396.553176516096642
293 395.553176516124154
294 403.707929063460597
295 402.707929063479241
296 410.925211983649660
297 409.925211983678196
298 418.205024459825040
299 417.205024459847095
300 425.547365702453476
301 424.547365702454272
302 432.952234948226533
303 431.952234948227215
304 440.419631459016045
305 439.419631459016500
306 447.949554520885613
307 446.949554520888341
308 455.542003443138242
309 454.542003443138810
310 463.196977557425612
311 462.196977557428909
312 470.914476216867001
313 469.914476216871321
314 478.694498795242453
315 477.694498795244726
316 486.537044686194463
317 485.537044686195713
318 494.442113302480152
319 493.442113302481062
320 502.409704075254808
321 501.409704075254922
322 510.439816453371236
323 509.439816453372600
324 518.532449902746066
325 517.532449902748453
326 526.687603905701849
327 525.687603905703668
328 534.905277960384069
329 533.905277960386684
330 543.185471580174067
331 542.185471580176454
332 551.528184293141521
333 550.528184293145841
334 559.933415641509896
335 558.933415641512283
336 568.401165181162355
337 567.401165181162810
338 576.931432481139609
339 575.931432481140178
340 585.524217123180392
341 584.524217123183689
342 594.179518701280585
343 593.179518701286383
344 602.897336821252338
345 601.897336821254953
346 611.677671100322414
347 610.677671100327188
348 620.520521166733943
349 619.520521166734284
350 629.425886659368189
351 628.425886659372622
352 638.393767227390754
353 637.393767227391891
354 647.424162529875957
355 646.424162529879368
356 656.517072235507385
357 655.517072235511591
358 665.672496022228188
359 664.672496022229438
360 674.890433576929127
361 673.890433576932537
362 684.170884595182088
363 683.170884595189364
364 693.513848780921080
365 692.513848780925855
366 702.919325846183483
367 701.919325846189622
368 712.387315510848794
369 711.387315510853568
370 721.917817502355319
371 720.917817502356002
372 731.510831555487130
373 730.510831555494178
374 741.166357412153047
375 740.166357412162370
376 750.884394821099477
377 749.884394821111755
378 760.664943537743284
379 759.664943537748059
380 770.508003323936464
381 769.508003323945559
382 780.413573947786972
383 779.413573947787199
384 790.381655183614384
385 789.381655183620296
386 800.412246824383828
387 799.412246825395869
388 810.505350363427397
389 809.505350450473770
390 820.661162716390663
391 819.661167364291714
392 830.890385797523777
393 829.890498537747135
394 841.407778746086706
395 840.408671689551511
396 853.622441053176090
397 852.624057541021784
398 871.254411834537223
399 870.257038742086252
