50.000000000000 43781.566914899566
60.000000000000 31353.035314074878
70.000000000000 25192.819399237538
80.000000000000 21612.108062737694
90.000000000000 19305.032967846710
100.000000000000 17706.870214158298
110.000000000000 16541.994154343502
120.000000000000 15654.691367644758
130.000000000000 14959.768151775550
140.000000000000 14401.259256458428
150.000000000000 13942.866329170569
160.000000000000 13560.138111042928
170.000000000000 13236.009019650804
180.000000000000 12958.122813559663
190.000000000000 12717.324257239048
200.000000000000 12506.692084860857
210.000000000000 12320.896083302976
220.000000000000 12155.827767984749
230.000000000000 12008.238317456409
240.000000000000 11875.502967121507
250.000000000000 11755.493268022303
260.000000000000 11646.470653138571
270.000000000000 11546.981051185761
280.000000000000 11455.830670876576
290.000000000000 11372.030085467770
300.000000000000 11294.726885262398
310.000000000000 11223.198787043659
320.000000000000 11156.817952845169
330.000000000000 11095.048848646480
340.000000000000 11037.435258651672
350.000000000000 10983.575075463526
360.000000000000 10933.112596760331
370.000000000000 10885.742439116737
380.000000000000 10841.182749656076
390.000000000000 10799.192903558964
400.000000000000 10759.552828414377
410.000000000000 10722.074049779616
420.000000000000 10686.580126860272
430.000000000000 10652.916822347277
440.000000000000 10620.950175841808
450.000000000000 10590.555673658067
460.000000000000 10561.621914077685
470.000000000000 10533.989424483185
480.000000000000 10507.648847109478
490.000000000000 10482.497242148207
500.000000000000 10458.450736859098
510.000000000000 10435.437611246240
520.000000000000 10413.392686044812
530.000000000000 10392.255172263469
540.000000000000 10371.968960655779
550.000000000000 10352.483743432709
560.000000000000 10333.755892418418
570.000000000000 10315.739173824913
580.000000000000 10298.386349564267
590.000000000000 10281.668728346360
600.000000000000 10265.552956471731
610.000000000000 10250.005865492056
620.000000000000 10234.998938090386
630.000000000000 10220.504957405758
640.000000000000 10206.496560171785
650.000000000000 10192.950999585464
660.000000000000 10179.846038957219
670.000000000000 10167.157746838635
680.000000000000 10154.870146996313
690.000000000000 10142.963737454389
700.000000000000 10131.420452119521
710.000000000000 10120.224051267931
720.000000000000 10109.357875452341
730.000000000000 10098.809621013355
740.000000000000 10088.565065857216
750.000000000000 10078.610485564850
760.000000000000 10068.934742275678
770.000000000000 10059.525177979067
780.000000000000 10050.370408705710
790.000000000000 10041.462564846854
800.000000000000 10032.789466879363
810.000000000000 10024.343716195115
820.000000000000 10016.114723615139
830.000000000000 10008.095442281136
840.000000000000 10000.276676050493
850.000000000000 9992.653809435440
860.000000000000 9985.215780604369
870.000000000000 9977.959037921302
880.000000000000 9970.876341634288
890.000000000000 9963.960341553013
900.000000000000 9957.206787921403
910.000000000000 9950.609041774405
920.000000000000 9944.161661416661
930.000000000000 9937.860916354652
940.000000000000 9931.700425487730
950.000000000000 9925.675342801747
960.000000000000 9919.783704563441
970.000000000000 9914.020468417139
980.000000000000 9908.380262008508
990.000000000000 9902.859603842326
1000.000000000000 9897.454895598592
