1000.000000000000 24090.506305398747
1050.000000000000 23999.806064408487
1100.000000000000 23917.848069424152
1150.000000000000 23843.426549350319
1200.000000000000 23775.551780353118
1250.000000000000 23713.401431855782
1300.000000000000 23656.275438156441
1350.000000000000 23603.587116252933
1400.000000000000 23554.839114255123
1450.000000000000 23509.600241218774
1500.000000000000 23467.507892965870
1550.000000000000 23428.244692167675
1600.000000000000 23391.534636895743
1650.000000000000 23357.137461995397
1700.000000000000 23324.841671216342
1750.000000000000 23294.460413110271
1800.000000000000 23265.828464069753
1850.000000000000 23238.798930928635
1900.000000000000 23213.241026462914
1950.000000000000 23189.037676985401
2000.000000000000 23166.084092358982
2050.000000000000 23144.286046825830
2100.000000000000 23123.558445236184
2150.000000000000 23103.824288149564
2200.000000000000 23085.013777694454
2250.000000000000 23067.063527283142
2300.000000000000 23049.915919155988
2350.000000000000 23033.518306182541
2400.000000000000 23017.822597694376
2450.000000000000 23002.784678528551
2500.000000000000 22988.364009428038
2550.000000000000 22974.523379278660
2600.000000000000 22961.228479263878
2650.000000000000 22948.447655330103
2700.000000000000 22936.151654086145
2750.000000000000 22924.313418890579
2800.000000000000 22912.907883165946
2850.000000000000 22901.911731887390
2900.000000000000 22891.303336353289
2950.000000000000 22881.062537968592
3000.000000000000 22871.170559763814
3050.000000000000 22861.609852322690
3100.000000000000 22852.364062930152
3150.000000000000 22843.417887698255
3200.000000000000 22834.756990014193
3250.000000000000 22826.367933805686
3300.000000000000 22818.238119470490
3350.000000000000 22810.355712542343
3400.000000000000 22802.709584336120
3450.000000000000 22795.289273017079
3500.000000000000 22788.084936449828
3550.000000000000 22781.087276094608
3600.000000000000 22774.287522681931
3650.000000000000 22767.677402727590
3700.000000000000 22761.249098009655
3750.000000000000 22754.995206426229
3800.000000000000 22748.908720521838
3850.000000000000 22742.983011053824
3900.000000000000 22737.211792125727
3950.000000000000 22731.589099915880
4000.000000000000 22726.109274409508
4050.000000000000 22720.766936949451
4100.000000000000 22715.556976419379
4150.000000000000 22710.474534965368
4200.000000000000 22705.514984181875
4250.000000000000 22700.673922865488
4300.000000000000 22695.947150970274
4350.000000000000 22691.330667025919
4400.000000000000 22686.820653023766
4450.000000000000 22682.413469069503
4500.000000000000 22678.105638708385
4550.000000000000 22673.893843219597
4600.000000000000 22669.774906356724
4650.000000000000 22665.745789890574
4700.000000000000 22661.803588156708
4750.000000000000 22657.945517872093
4800.000000000000 22654.168915208138
4850.000000000000 22650.471226451173
4900.000000000000 22646.850004874061
4950.000000000000 22643.302904286371
5000.000000000000 22639.827673139582
