50.000000000000 280453.871305881185
60.000000000000 158043.645925788063
70.000000000000 108690.403907344953
80.000000000000 83805.338169987925
90.000000000000 69333.796390302319
100.000000000000 60059.004989214947
110.000000000000 53685.847164882201
120.000000000000 49072.535183075204
130.000000000000 45595.270952526538
140.000000000000 42890.289053782297
150.000000000000 40730.865739599751
160.000000000000 38970.456035549869
170.000000000000 37509.547650565153
180.000000000000 36279.063917666688
190.000000000000 35229.253175935177
200.000000000000 34323.373121809782
210.000000000000 33534.140227604687
220.000000000000 32840.602979985990
230.000000000000 32226.640355640637
240.000000000000 31679.422569136867
250.000000000000 31188.736336164860
260.000000000000 30746.279044222203
270.000000000000 30345.356139903455
280.000000000000 29980.493887323635
290.000000000000 29647.028576118893
300.000000000000 29341.098968656988
310.000000000000 29059.442836419748
320.000000000000 28799.287518589885
330.000000000000 28558.272723781156
340.000000000000 28334.387334646221
350.000000000000 28125.884747247299
360.000000000000 27931.228401021461
370.000000000000 27749.078177044579
380.000000000000 27578.282533172365
390.000000000000 27417.819894381701
400.000000000000 27266.781416940907
410.000000000000 27124.389404530575
420.000000000000 26990.053035036090
430.000000000000 26862.981436691742
440.000000000000 26742.593031254190
450.000000000000 26628.390054707470
460.000000000000 26519.900384506946
470.000000000000 26416.698840272806
480.000000000000 26318.415249359594
490.000000000000 26224.704259559268
500.000000000000 26135.257323857433
510.000000000000 26049.786079225949
520.000000000000 25968.029941702083
530.000000000000 25889.754823259380
540.000000000000 25814.746296298446
550.000000000000 25742.800885953096
560.000000000000 25673.735771818250
570.000000000000 25607.382856641874
580.000000000000 25543.584036377608
590.000000000000 25482.191786024232
600.000000000000 25423.071225662366
610.000000000000 25366.104627930519
620.000000000000 25311.176821799760
630.000000000000 25258.177080119978
640.000000000000 25206.999747641203
650.000000000000 25157.542043683748
660.000000000000 25109.732791424747
670.000000000000 25063.491938028459
680.000000000000 25018.743815615664
690.000000000000 24975.416362952470
700.000000000000 24933.444807236607
710.000000000000 24892.766055927394
720.000000000000 24853.322534269555
730.000000000000 24815.059537000947
740.000000000000 24777.926699366086
750.000000000000 24741.874451684282
760.000000000000 24706.855451103762
770.000000000000 24672.826176086710
780.000000000000 24639.745222684131
790.000000000000 24607.573486301259
800.000000000000 24576.274205834121
810.000000000000 24545.813401330233
820.000000000000 24516.156390997254
830.000000000000 24487.272162992493
840.000000000000 24459.130857880155
850.000000000000 24431.704143531973
860.000000000000 24404.965283654288
870.000000000000 24378.888891655613
880.000000000000 24353.450455148439
890.000000000000 24328.626803209423
900.000000000000 24304.395948786543
910.000000000000 24280.737058380098
920.000000000000 24257.628837584482
930.000000000000 24235.052716324542
940.000000000000 24212.991142238581
950.000000000000 24191.426712258512
960.000000000000 24170.342897099548
970.000000000000 24149.723815590292
980.000000000000 24129.554293827940
990.000000000000 24109.819779198795
1000.000000000000 24090.506305398747
