1000.0000000000   24059.3080489524
1050.0000000000   23968.8119818647
1100.0000000000   23887.0380742160
1150.0000000000   23812.7839192339
1200.0000000000   23745.0583189348
1250.0000000000   23683.0368778124
1300.0000000000   23626.0283442007
1350.0000000000   23573.4487831217
1400.0000000000   23524.8015347202
1450.0000000000   23479.6615010745
1500.0000000000   23437.6627089561
1550.0000000000   23398.4883786754
1600.0000000000   23361.8629291564
1650.0000000000   23327.5454927809
1700.0000000000   23295.3246175977
1750.0000000000   23265.0139108276
1800.0000000000   23236.4484341921
1850.0000000000   23209.4817039536
1900.0000000000   23183.9831805527
1950.0000000000   23159.8361571064
2000.0000000000   23136.9359747505
2050.0000000000   23115.1885072931
2100.0000000000   23094.5088689362
2150.0000000000   23074.8203076785
2200.0000000000   23056.0532540043
2250.0000000000   23038.1445000199
2300.0000000000   23021.0364886382
2350.0000000000   23004.6766959765
2400.0000000000   22989.0170930131
2450.0000000000   22974.0136748865
2500.0000000000   22959.6260481250
2550.0000000000   22945.8170676568
2600.0000000000   22932.5525167355
2650.0000000000   22919.8008239764
2700.0000000000   22907.5328125788
2750.0000000000   22895.7214775437
2800.0000000000   22884.3417873065
2850.0000000000   22873.3705067213
2900.0000000000   22862.7860387603
2950.0000000000   22852.5682826626
3000.0000000000   22842.6985065707
3050.0000000000   22833.1592329577
3100.0000000000   22823.9341353720
3150.0000000000   22815.0079452156
3200.0000000000   22806.3663674374
3250.0000000000   22797.9960041618
3300.0000000000   22789.8842853955
3350.0000000000   22782.0194060583
3400.0000000000   22774.3902686748
3450.0000000000   22766.9864311422
3500.0000000000   22759.7980590569
3550.0000000000   22752.8158821432
3600.0000000000   22746.0311543772
3650.0000000000   22739.4356174460
3700.0000000000   22733.0214672208
3750.0000000000   22726.7813229584
3800.0000000000   22720.7081989752
3850.0000000000   22714.7954785648
3900.0000000000   22709.0368899556
3950.0000000000   22703.4264841233
4000.0000000000   22697.9586142949
4050.0000000000   22692.6279169946
4100.0000000000   22687.4292944982
4150.0000000000   22682.3578985760
4200.0000000000   22677.4091154141
4250.0000000000   22672.5785516162
4300.0000000000   22667.8620211973
4350.0000000000   22663.2555334865
4400.0000000000   22658.7552818677
4450.0000000000   22654.3576332897
4500.0000000000   22650.0591184858
4550.0000000000   22645.8564228472
4600.0000000000   22641.7463779004
4650.0000000000   22637.7259533410
4700.0000000000   22633.7922495846
4750.0000000000   22629.9424907927
4800.0000000000   22626.1740183414
4850.0000000000   22622.4842846997
4900.0000000000   22618.8708476863
4950.0000000000   22615.3313650800
5000.0000000000   22611.8635895577
