1 0.000481000794955
2 0.000481005080726
3 0.000481034230956
4 0.000481167283584
5 0.000481630313982
6 0.000482952112098
7 0.000486198461166
8 0.000493289192320
9 0.000507396029990
10 0.000533414702995
11 0.000578501637126
12 0.000652663598251
13 0.000769387676938
14 0.000946298901912
15 0.001205833300377
16 0.001575915339675
17 0.002090630173594
18 0.002790882906918
19 0.003725039055343
20 0.004949542425450
21 0.006529508686956
22 0.008539294918247
23 0.011063047301928
24 0.014195230939862
25 0.018041147420899
26 0.022717447331047
27 0.028352646366063
28 0.035087655137623
29 0.043076334210628
30 0.052486087441821
31 0.063498508388403
32 0.076310096541274
33 0.091133062521997
34 0.108196244336504
35 0.127746160511059
36 0.150048230704137
37 0.175388200561883
38 0.204073815633151
39 0.236436799768157
40 0.272835207508940
41 0.313656238914383
42 0.359319630984295
43 0.410281775281305
44 0.467040760898797
45 0.530142612597714
46 0.600189095523689
47 0.677847614820045
48 0.763863942481287
49 0.859079020250185
50 0.964450862101792
51 1.081087799424530
52 1.210280059427859
53 1.353621199927240
54 1.512849919242285
55 1.691136818469580
56 1.888754939692774
57 2.121883412138374
58 2.357200016362548
59 2.737987178354715
60 2.905581604267695
61 3.647888353237903
62 3.438083939052653
63 4.400847168916826
64 3.857795303390517
65 4.854695315507570
66 4.148560128526555
67 5.148357289780627
68 4.325467135937181
69 5.325455843501906
70 4.401687079060309
71 5.401686524728277
72 4.385878692075238
73 5.385878667553925
74 4.283921842566158
75 5.283921841573829
76 4.100037815460283
77 5.100037815423121
78 3.837390084581628
79 4.837390084580278
80 3.498426199272842
81 4.498426199272814
82 3.085086722398870
83 4.085086722398543
84 2.598940402466994
85 3.598940402466582
86 2.041275611373564
87 3.041275611373521
88 1.413164447724128
89 2.413164447724057
90 0.715509012191873
91 1.715509012191859
92 0.050924360559875
93 0.949075639439997
94 0.885479249184542
95 0.114520750815416
96 1.787589271068185
97 0.787589271068896
98 2.756762566091282
99 1.756762566092078
100 3.792569518319780
101 2.792569518320292
102 4.894632923408196
103 3.894632923408636
104 6.062620030610418
105 5.062620030610518
106 7.296236040567365
107 6.296236040567479
108 8.595218746945321
109 7.595218746945363
110 9.959334086390029
111 8.959334086391067
112 11.388372416706332
113 10.388372416706488
114 12.882145383991968
115 11.882145383992523
116 14.440483269907730
117 13.440483269907901
118 16.063232733244092
119 15.063232733244632
120 17.750254877481069
121 16.750254877481325
122 19.501423589551450
123 18.501423589551479
124 21.316624105536079
125 20.316624105536647
126 23.195751767267865
127 22.195751767268234
128 25.138710940338058
129 24.138710940338513
130 27.145414069204008
131 26.145414069204804
132 29.215780849270402
133 28.215780849270431
134 31.349737499158181
135 30.349737499159687
136 33.547216119168581
137 32.547216119169775
138 35.808154124091544
139 34.808154124093392
140 38.132493740460916
141 37.132493740460973
142 40.520181559753695
143 39.520181559756082
144 42.971168140395974
145 41.971168140398362
146 45.485407652390023
147 44.485407652390279
148 48.062857559339307
149 47.062857559339307
150 50.703478333322408
151 49.703478333323488
152 53.407233198717336
153 52.407233198717876
154 56.174087901583960
155 55.174087901586006
156 59.004010501701998
157 58.004010501705011
158 61.896971184676261
159 60.896971184676602
160 64.852942091904737
161 63.852942091906982
162 67.871897166465061
163 66.871897166465146
164 70.953812013180851
165 69.953812013182926
166 74.098663771424214
167 73.098663771426345
168 77.306430999257174
169 76.306430999260073
170 80.577093567819389
171 79.577093567819759
172 83.910632564884168
173 82.910632564886015
174 87.307030206688182
175 86.307030206690115
176 90.766269757208420
177 89.766269757210694
178 94.288335454190644
179 93.288335454190872
180 97.873212441252008
181 96.873212441252178
182 101.520886705522912
183 100.520886705523367
184 105.231345020273920
185 104.231345020273977
186 109.004574892110895
187 108.004574892113794
188 112.840564512280139
189 111.840564512281901
190 116.739302711764253
191 115.739302711764481
192 120.700778919793322
193 119.700778919797585
194 124.724983125490496
195 123.724983125494305
196 128.811905842393685
197 127.811905842398232
198 132.961538075579824
199 131.961538075583121
200 137.173871291195212
201 136.173871291196917
202 141.448897388179660
203 140.448897388180853
204 145.786608672026091
205 144.786608672029786
206 150.186997830362543
207 149.186997830364021
208 154.650057910261978
209 153.650057910262205
210 159.175782297117905
211 158.175782297118928
212 163.764164694954104
213 162.764164694961721
214 168.415199108078468
215 167.415199108085631
216 173.128879823952502
217 172.128879823952786
218 177.905201397216103
219 176.905201397216445
220 182.744158634735527
221 181.744158634739449
222 187.645746581654635
223 186.645746581656113
224 192.609960508313122
225 191.609960508313463
226 197.636795898021376
227 196.636795898028026
228 202.726248435592368
229 201.726248435601008
230 207.878313996605186
231 206.878313996606323
232 213.092988637320161
233 212.092988637327551
234 218.370268585228814
235 217.370268585242684
236 223.710150230158547
237 222.710150230165254
238 229.112630115929278
239 228.112630115935417
240 234.577704932507800
241 233.577704932512006
242 240.105371508622284
243 239.105371508627343
244 245.695626804804135
245 244.695626804805499
246 251.348467906856740
247 250.348467906870042
248 257.063892019675052
249 256.063892019688296
250 262.841896461432043
251 261.841896461442843
252 268.682478658100422
253 267.682478658114519
254 274.585636138267432
255 273.585636138281075
256 280.551366528256267
257 279.551366528272524
258 286.579667547496797
259 285.579667547506347
260 292.670537004173525
261 291.670537004191033
262 298.823972791092388
263 297.823972791111032
264 305.039972881782091
265 304.039972881790845
266 311.318535326789515
267 310.318535326802134
268 317.659658250202824
269 316.659658250218172
270 324.063339846314989
271 323.063339846323515
272 330.529578376492282
273 329.529578376496602
274 337.058372166209665
275 336.058372166222625
276 343.649719602208734
277 342.649719602226241
278 350.303619129834829
279 349.303619129843469
280 357.020069250486245
281 356.020069250491588
282 363.799068519195771
283 362.799068519209527
284 370.640615542349224
285 369.640615542360251
286 377.544708975490721
287 376.544708975493222
288 384.511347521263929
289 383.511347521276775
290 391.540529927436637
291 390.540529927466082
292 398.632254985027430
293 397.632254985036525
294 405.786521526505567
295 404.786521526515230
296 413.003328424120241
297 412.003328424134565
298 420.282674588265309
299 419.282674588280543
300 427.624558965931669
301 426.624558965936899
302 435.028980539249233
303 434.028980539255940
304 442.495938324090048
305 441.495938324105055
306 450.025431368717022
307 449.025431368728505
308 457.617458752531661
309 456.617458752532457
310 465.272019584831696
311 464.272019584843065
312 472.989113003665011
313 471.989113003674674
314 480.768738174718919
315 479.768738174724263
316 488.610894290277542
317 487.610894290282999
318 496.515580568163273
319 495.515580568179303
320 504.482796250829210
321 503.482796250839556
322 512.512540604386004
323 511.512540604388505
324 520.604812917758295
325 519.604812917767845
326 528.759612501796937
327 527.759612501808647
328 536.976938688504447
329 535.976938688504674
330 545.256790830238629
331 544.256790830245791
332 553.599168298977361
333 552.599168298990662
334 562.004070485621355
335 561.004070485629086
336 570.471496799294300
337 569.471496799300326
338 579.001446666700190
339 578.001446666701327
340 587.593919531496681
341 586.593919531499637
342 596.248914853686529
343 595.248914853691076
344 604.966432109078028
345 603.966432109090533
346 613.746470788686565
347 612.746470788699412
348 622.589030398229397
349 621.589030398237696
350 631.494110457628040
351 630.494110457630654
352 640.461710500512140
353 639.461710500513732
354 649.491830073719939
355 648.491830073739607
356 658.584468736909571
357 657.584468736927420
358 667.739626062104435
359 666.739626062124898
360 676.957301633242423
361 675.957301633266752
362 686.237495045825881
363 685.237495045834521
364 695.580205906519041
365 694.580205906523588
366 704.985433832772969
367 703.985433832774561
368 714.453178452471775
369 713.453178452490647
370 723.983439403616103
371 722.983439403655439
372 733.576216333985940
373 732.576216334007768
374 743.231508900794324
375 742.231508900797962
376 752.949316770402902
377 751.949316770422456
378 762.729639618074089
379 761.729639618102510
380 772.572477127612501
381 771.572477127649790
382 782.477828991163733
383 781.477828991209890
384 792.445694912076760
385 791.445694912121326
386 802.476074866465979
387 801.476074866512135
388 812.568978500420144
389 811.568978500458570
390 822.724719365867941
391 821.724719365908413
392 832.955983201216213
393 831.955983201245317
394 843.501698396222309
395 842.501698396239135
396 855.922310602317111
397 854.922310602351899
398 874.589428070188433
399 873.589428070191161
