0.500000000000000 0.000121027968527
0.400000000000000 0.000187958541672
0.333333333333333 0.000270571439572
0.285714285714286 0.000368267471408
0.250000000000000 0.000481000794934
0.222222222222222 0.000608766313002
0.200000000000000 0.000751563274528
0.181818181818182 0.000909391541836
0.166666666666667 0.001082251084924
0.153846153846154 0.001270141896199
0.142857142857143 0.001473063973455
0.133333333333333 0.001691017316222
0.125000000000000 0.001924001924064
0.117647058823529 0.002172017797054
0.111111111111111 0.002435064935053
0.105263157894737 0.002713143338098
0.100000000000000 0.003006253006219
0.095238095238095 0.003314393939305
0.090909090909091 0.003637566137485
0.086956521739130 0.003975769600788
0.083333333333333 0.004329004329062
0.080000000000000 0.004697270322211
0.076923076923077 0.005080567580681
0.074074074074074 0.005478896103871
0.071428571428571 0.005892255892231
0.068965517241379 0.006320646945735
0.066666666666667 0.006764069264047
0.064516129032258 0.007222522847512
0.062500000000000 0.007696007695939
0.060606060606061 0.008184523809309
0.058823529411765 0.008688071187991
0.057142857142857 0.009206649831595
0.055555555555556 0.009740259740152
0.054054054054054 0.010288900913727
0.052631578947368 0.010852573352345
0.051282051282051 0.011431277056275
