1 0.000039929832104
2 0.000278113240975
3 0.000987280440685
4 0.002471249496531
5 0.005024780212566
6 0.008934813825571
7 0.014481599780366
8 0.021939729879348
9 0.031579097041309
10 0.043665793561525
11 0.058462961935993
12 0.076231609949890
13 0.097231400727212
14 0.121721427758372
15 0.149960984536143
16 0.182210338301156
17 0.218731517549234
18 0.259789123354800
19 0.305651175282872
20 0.356590003689426
21 0.412883201637186
22 0.474814651536473
23 0.542675644081672
24 0.616766110228564
25 0.697395991063331
26 0.784886775713534
27 0.879573244346471
28 0.981805462309680
29 1.091951083369306
30 1.210398035870874
31 1.337557687062919
32 1.473868610141931
33 1.619801119301112
34 1.775862795639565
35 1.942605309768588
36 2.120632969126277
37 2.310613602891777
38 2.513292681286401
39 2.729512047933824
40 2.960235251810595
41 3.206583935232580
42 3.469884687792188
43 3.751778306815901
44 4.054170235476953
45 4.380419636286064
46 4.730906055225304
47 5.126752932211531
48 5.517002551561760
49 6.113146748634946
50 6.369433677147988
51 7.276316962514912
52 7.159668005871218
53 8.152736004541673
54 7.821304833367968
55 8.820989154515331
56 8.363008061122294
57 9.362997282953017
58 8.800836095987933
59 9.800835801261833
60 9.145185607831863
61 10.145185601142167
62 9.402802419869808
63 10.402802419740752
64 9.578374672275700
65 10.578374672273547
66 9.675333242246545
67 10.675333242246502
68 9.696283531423695
69 10.696283531423305
70 9.643259641263121
71 10.643259641262894
72 9.517884278451234
73 10.517884278450971
74 9.321474582945896
75 10.321474582945726
76 9.055115016808358
77 10.055115016808074
78 8.719709210833869
79 9.719709210833443
80 8.316017837702333
81 9.316017837702063
82 7.844686902160660
83 8.844686902160092
84 7.306269278219403
85 8.306269278218878
86 6.701241375756268
87 7.701241375755799
88 6.030016222896435
89 7.030016222896052
90 5.292953864128677
91 6.292953864127227
92 4.490369716851859
93 5.490369716851390
94 3.622541353770458
95 4.622541353769989
96 2.689714056581195
97 3.689714056580968
98 1.692105400038045
99 2.692105400037548
100 0.629909063196308
101 1.629909063195711
102 0.496701980850119
103 0.503298019149355
104 1.687572779177472
105 0.687572779177898
106 2.942564124927131
107 1.942564124927813
108 4.261550621858717
109 3.261550621859101
110 5.644419029245327
111 4.644419029246265
112 7.091066840222226
113 6.091066840222936
114 8.601401055591609
115 7.601401055591793
116 10.175337122121846
117 9.175337122122599
118 11.812798009913365
119 10.812798009915753
120 13.513713407899900
121 12.513713407899957
122 15.278019020065074
123 14.278019020065699
124 17.105655947929648
125 16.105655947930103
126 18.996570147141483
127 17.996570147141966
128 20.950711947988339
129 19.950711947990158
130 22.968035631204998
131 21.968035631206874
132 25.048499051780936
133 24.048499051781533
134 27.192063304541591
135 26.192063304543012
136 29.398692426201990
137 28.398692426202956
138 31.668353129345007
139 30.668353129346713
140 34.001014564413481
141 33.001014564415385
142 36.396648106339740
143 35.396648106340166
144 38.855227162915071
145 37.855227162917203
146 41.376727002356574
147 40.376727002358109
148 43.961124597883867
149 42.961124597883980
150 46.608398487391383
151 45.608398487393998
152 49.318528646544593
153 48.318528646546525
154 52.091496373833195
155 51.091496373834019
156 54.927284186300511
157 53.927284186300881
158 57.825875724822481
159 56.825875724824812
160 60.787255667929998
161 59.787255667930481
162 63.811409653309511
163 62.811409653310250
164 66.898324206192513
165 65.898324206193308
166 70.047986673953631
167 69.047986673953915
168 73.260385166299670
169 72.260385166299983
170 76.535508500508513
171 75.535508500509081
172 79.873346151230152
173 78.873346151231573
174 83.273888204421439
175 82.273888204421667
176 86.737125315023548
177 85.737125315026105
178 90.263048668039403
179 89.263048668042131
180 93.851649942695701
181 92.851649942696497
182 97.502921279418786
183 96.502921279421457
184 101.216855249373793
185 100.216855249376067
186 104.993444826316590
187 103.993444826318012
188 108.832683360606950
189 107.832683360611384
190 112.734564555144914
191 111.734564555153042
192 116.699082443099599
193 115.699082443100792
194 120.726231367266735
195 119.726231367275830
196 124.816005960915959
197 123.816005960918233
198 128.968401130027530
199 127.968401130031168
200 133.183412036769880
201 132.183412036772097
202 137.461034084150640
203 136.461034084152118
204 141.801262901726830
205 140.801262901728933
206 146.204094332300201
207 145.204094332301679
208 150.669524419514573
209 149.669524419517131
210 155.197549396299962
211 154.197549396304055
212 159.788165674071649
213 158.788165674076538
214 164.441369832661508
215 163.441369832665828
216 169.157158610890804
217 168.157158610896033
218 173.935528897761401
219 172.935528897763106
220 178.776477724221593
221 177.776477724222048
222 183.680002255440399
223 182.680002255444663
224 188.646099783575949
225 187.646099783580894
226 193.674767720997522
227 192.674767720998716
228 198.766003593926996
229 197.766003593931430
230 203.919805036464822
231 202.919805036468915
232 209.136169784981576
233 208.136169784986805
234 214.415095672852942
235 213.415095672855784
236 219.756580625499339
237 218.756580625500817
238 225.160622655729014
239 224.160622655743282
240 230.627219859349793
241 229.627219859360025
242 236.156370411032924
243 235.156370411038210
244 241.748072560425157
245 240.748072560430444
246 247.402324628469387
247 246.402324628474219
248 253.119125003948227
249 252.119125003956526
250 258.898472140220235
251 257.898472140228876
252 264.740364552121036
253 263.740364552123310
254 270.644800813065103
255 269.644800813073971
256 276.611779552280609
257 275.611779552292319
258 282.641299452205317
259 281.641299452207249
260 288.733359246036571
261 287.733359246036684
262 294.887957715381845
263 293.887957715384118
264 301.105093688065608
265 300.105093688071747
266 307.384766036032602
267 306.384766036035899
268 313.726973673371390
269 312.726973673385373
270 320.131715554432049
271 319.131715554445350
272 326.598990672049695
273 325.598990672065042
274 333.128798055854190
275 332.128798055871357
276 339.721136770667385
277 338.721136770672160
278 346.376005914980283
279 345.376005914996767
280 353.093404619507510
281 352.093404619516946
282 359.873332045810457
283 358.873332045831035
284 366.715787385000112
285 365.715787385007388
286 373.620769856483662
287 372.620769856503330
288 380.588278706795904
289 379.588278706810797
290 387.618313208460563
291 386.618313208482505
292 394.710872658932317
293 393.710872658952326
294 401.865956379574072
295 400.865956379585214
296 409.083563714690968
297 408.083563714715183
298 416.363694030587226
299 415.363694030589841
300 423.706346714710321
301 422.706346714734082
302 431.111521174793438
303 430.111521174811742
304 438.579216838057164
305 437.579216838077059
306 446.109433150444261
307 445.109433150471546
308 453.702169575892754
309 452.702169575901848
310 461.357425595638006
311 460.357425595654490
312 469.075200707540489
313 468.075200707564363
314 476.855494425458460
315 475.855494425493362
316 484.698306278635300
317 483.698306278654059
318 492.603635811114032
319 491.603635811129038
320 500.571482581193322
321 499.571482581214696
322 508.601846160887931
323 507.601846160920559
324 516.694726135419160
325 515.694726135451219
326 524.850122102732030
327 523.850122102740670
328 533.068033673032005
329 532.068033673059858
330 541.348460468333428
331 540.348460468366738
332 549.691402122030809
333 548.691402122076738
334 558.096858278497734
335 557.096858278532409
336 566.564828592687377
337 565.564828592726144
338 575.095312729762554
339 574.095312729832358
340 583.688310364728295
341 582.688310364769450
342 592.343821182093961
343 591.343821182133411
344 601.061844875535712
345 600.061844875580960
346 609.842381147581250
347 608.842381147626497
348 618.685429709306618
349 617.685429709368918
350 627.590990280034362
351 626.590990280103824
352 636.559062587061021
353 635.559062587123890
354 645.589646365386443
355 644.589646365471026
356 654.682741357449913
357 653.682741357518012
358 663.838347312880501
359 662.838347312958717
360 673.056463988264113
361 672.056463988362111
362 682.337091146900548
363 681.337091146970806
364 691.680228558597719
365 690.680228558675253
366 701.085875999446444
367 700.085875999535574
368 710.554033251617966
369 709.554033251670944
370 720.084700103171372
371 719.084700103222985
372 729.677876347855999
373 728.677876347885558
374 739.333561784939775
375 738.333561784954782
376 749.051756219018216
377 748.051756219040499
378 758.832459459859137
379 757.832459459889151
380 768.675671322234393
381 767.675671322238941
382 778.581391625759352
383 777.581391625761398
384 788.549620194786939
385 787.549620194877434
386 798.580356851834722
387 797.580356851930219
388 808.673600676279875
389 807.673600676370370
390 818.829364630877762
391 817.829364631020098
392 829.051163072990221
393 828.051163073069574
394 839.448134899161005
395 838.448134899161687
396 851.017474055326829
397 850.017474055327057
398 867.104808506124300
399 866.104808506125892
