0.500000000000000 0.000607958676703
0.400000000000000 0.000254715494549
0.333333333333333 0.000124467868988
0.285714285714286 0.000067743603259
0.250000000000000 0.000039929832389
0.222222222222222 0.000025024176998
0.200000000000000 0.000016464212438
0.181818181818182 0.000011268716068
0.166666666666667 0.000007969161115
0.153846153846154 0.000005793031356
0.142857142857143 0.000004311205689
0.133333333333333 0.000003274124475
0.125000000000000 0.000002530853378
0.117647058823529 0.000001986961002
0.111111111111111 0.000001581593757
0.105263157894737 0.000001274500517
0.100000000000000 0.000001038434972
0.095238095238095 0.000000854568605
0.090909090909091 0.000000709645895
0.086956521739130 0.000000594176713
0.083333333333333 0.000000501262311
0.080000000000000 0.000000425817217
0.076923076923077 0.000000364044865
0.074074074074074 0.000000313077142
0.071428571428571 0.000000270723690
0.068965517241379 0.000000235295199
0.066666666666667 0.000000205476393
0.064516129032258 0.000000180234737
0.062500000000000 0.000000158752133
0.060606060606061 0.000000140376858
0.058823529411765 0.000000124584578
0.057142857142857 0.000000110951728
0.055555555555556 0.000000099133495
0.054054054054054 0.000000088847557
0.052631578947368 0.000000079861940
0.051282051282051 0.000000071983817
