0.500000000000000 0.000077377555772
0.400000000000000 0.000021509827228
0.333333333333333 0.000007444119971
0.285714285714286 0.000003012045889
0.250000000000000 0.000001369688484
0.222222222222222 0.000000681776438
0.200000000000000 0.000000364687601
0.181818181818182 0.000000206851481
0.166666666666667 0.000000123174911
0.153846153846154 0.000000076417359
0.142857142857143 0.000000049098818
0.133333333333333 0.000000032515287
0.125000000000000 0.000000022108868
0.117647058823529 0.000000015386345
0.111111111111111 0.000000010930712
0.105263157894737 0.000000007909488
0.100000000000000 0.000000005818432
0.095238095238095 0.000000004344669
0.090909090909091 0.000000003288271
0.086956521739130 0.000000002519718
0.083333333333333 0.000000001952788
0.080000000000000 0.000000001529079
0.076923076923077 0.000000001208980
0.074074074074074 0.000000000964168
0.071428571428571 0.000000000775543
0.068965517241379 0.000000000628332
0.066666666666667 0.000000000512843
0.064516129032258 0.000000000421181
0.062500000000000 0.000000000348479
0.060606060606061 0.000000000289723
0.058823529411765 0.000000000242265
0.057142857142857 0.000000000203613
0.055555555555556 0.000000000171919
0.054054054054054 0.000000000145777
0.052631578947368 0.000000000124253
0.051282051282051 0.000000000106266
