1 0.000000066190096
2 0.000000717909595
3 0.000003916402261
4 0.000014559354113
5 0.000042063822510
6 0.000101746513135
7 0.000215953880826
8 0.000414971049459
9 0.000737737632095
10 0.001232397410705
11 0.001956707510415
12 0.002978331184025
13 0.004375036628812
14 0.006234822511381
15 0.008655989059863
16 0.011747171840799
17 0.015627353658854
18 0.020425868501615
19 0.026282410090587
20 0.033347056462944
21 0.041780321093501
22 0.051753240402768
23 0.063447507106090
24 0.077055658745603
25 0.092781330962115
26 0.110839585594274
27 0.131457324631313
28 0.154873802406055
29 0.181341250301678
30 0.211125630762901
31 0.244507540683365
32 0.281783288522170
33 0.323266175038441
34 0.369288014710705
35 0.420200944331121
36 0.476379577615063
37 0.538223581150774
38 0.606160769166486
39 0.680650844837054
40 0.762189957750600
41 0.851316306201639
42 0.948617097725680
43 1.054737306264222
44 1.170390848521528
45 1.296375111860307
46 1.433590105845191
47 1.583065010683498
48 1.745992055002333
49 1.923792984694501
50 2.118128222093176
51 2.331370936241875
52 2.565221350297612
53 2.828211087670340
54 3.107658987084747
55 3.480882129960968
56 3.746639227067533
57 4.435838660720563
58 4.398695632793839
59 5.349368976090055
60 4.948950911851099
61 5.945190495440997
62 5.367987811055194
63 6.367777187446393
64 5.670535041100358
65 6.670525395026040
66 5.870899306946008
67 6.870898929495723
68 5.978370078564900
69 6.978370065613717
70 5.999166423657883
71 6.999166423261244
72 5.937710124611485
73 6.937710124600514
74 5.797291641034533
75 6.797291641034079
76 5.580442737856217
77 6.580442737855932
78 5.289161608477940
79 6.289161608477713
80 4.925057279446207
81 5.925057279446008
82 4.489446643238537
83 5.489446643238381
84 3.983422117547732
85 4.983422117547349
86 3.407900269006362
87 4.407900269005737
88 2.763657645386317
89 3.763657645385905
90 2.051357747450780
91 3.051357747450609
92 1.271571703349181
93 2.271571703348442
94 0.424794366895000
95 1.424794366894247
96 0.488542974049039
97 0.511457025950875
98 1.468062443086751
99 0.468062443087305
100 2.513431373774310
101 1.513431373774495
102 3.624355621518419
103 2.624355621518774
104 4.800574062259017
105 3.800574062259287
106 6.041854031837033
107 5.041854031837659
108 7.347987518235115
109 6.347987518235584
110 8.718787961696393
111 7.718787961696790
112 10.154087549639613
113 9.154087549639996
114 11.653734917283614
115 10.653734917284481
116 13.217593183219861
117 12.217593183220856
118 14.845538263232669
119 13.845538263233578
120 16.537457416626296
121 15.537457416627262
122 18.293247987884882
123 17.293247987885564
124 20.112816313254200
125 19.112816313254797
126 21.996076767227663
127 20.996076767228516
128 23.942950928242169
129 22.942950928242482
130 25.953366846360922
131 24.953366846362030
132 28.027258398551766
133 27.027258398552135
134 30.164564719477823
135 29.164564719478676
136 32.365229697606367
137 31.365229697607873
138 34.629201528002653
139 33.629201528004160
140 36.956432314468344
141 35.956432314469794
142 39.346877714768283
143 38.346877714768652
144 41.800496623572798
145 40.800496623572997
146 44.317250888521016
147 43.317250888521158
148 46.897105055419331
149 45.897105055419331
150 49.540026139159295
151 48.540026139160517
152 52.245983417366773
153 51.245983417367654
154 55.014948244198763
155 54.014948244199729
156 57.846893882044355
157 56.846893882044839
158 60.741795349133469
159 59.741795349134719
160 63.699629281363485
161 62.699629281364281
162 66.720373806806009
163 65.720373806807800
164 69.804008431560931
165 68.804008431562096
166 72.950513935796408
167 71.950513935796408
168 76.159872278926400
169 75.159872278927622
170 79.432066513019947
171 78.432066513020430
172 82.767080703593621
173 81.767080703594530
174 86.164899857127409
175 85.164899857127523
176 89.625509854579491
177 88.625509854580685
178 93.148897390395007
179 92.148897390395405
180 96.735049916458422
181 95.735049916460127
182 100.383955590530434
183 99.383955590532878
184 104.095603228794403
185 103.095603228795824
186 107.869982262068845
187 106.869982262070153
188 111.707082695465374
189 110.707082695466454
190 115.606895071067754
191 114.606895071069744
192 119.569410433483597
193 118.569410433484165
194 123.594620297920017
195 122.594620297920756
196 127.682516620646879
197 126.682516620650404
198 131.833091771606917
199 130.833091771607826
200 136.046338508997962
201 135.046338508999895
202 140.322249955674977
203 139.322249955678615
204 144.660819577217183
205 143.660819577224004
206 149.062041161528896
207 148.062041161532306
208 153.525908799851038
209 152.525908799858598
210 158.052416869070385
211 157.052416869075216
212 162.641560015228663
213 161.641560015244750
214 167.293333138144021
215 166.293333138160335
216 172.007731377037317
217 171.007731377044195
218 176.784750097120366
219 175.784750097130996
220 181.624384877049295
221 180.624384877072998
222 186.526631497185690
223 185.526631497195467
224 191.491485928612519
225 190.491485928614395
226 196.518944322839957
227 195.518944322840127
228 201.609003002157181
229 200.609003002159795
230 206.761658450591938
231 205.761658450593472
232 211.976907305408645
233 210.976907305408815
234 217.254746349137406
235 216.254746349140134
236 222.595172502087166
237 221.595172502088246
238 227.998182815296104
239 226.998182815300538
240 233.463774463920174
241 232.463774463922789
242 238.991944740974247
243 237.991944740974361
244 244.582691051475479
245 243.582691051475649
246 250.236010906914089
247 249.236010906915169
248 255.951901920031446
249 254.951901920032640
250 261.730361799900095
251 260.730361799902255
252 267.571388347292896
253 266.571388347294146
254 273.474979450287947
255 272.474979450290334
256 279.441133080148006
257 278.441133080149484
258 285.469847287386983
259 284.469847287388689
260 291.561120198096205
261 290.561120198096773
262 297.714950010429561
263 296.714950010431153
264 303.931334991306471
265 302.931334991307040
266 310.210273473274242
267 309.210273473276629
268 316.551763851536521
269 315.551763851538567
270 322.955804581153188
271 321.955804581153757
272 329.422394174365195
273 328.422394174365536
274 335.951531198072189
275 334.951531198072644
276 342.543214271436113
277 341.543214271437478
278 349.197442063601443
279 348.197442063603376
280 355.914213291544343
281 354.914213291546389
282 362.693526718003568
283 361.693526718005387
284 369.535381149549607
285 368.535381149551199
286 376.439775434723970
287 375.439775434723970
288 383.406708462266579
289 382.406708462266693
290 390.436179159459698
291 389.436179159460039
292 397.528186490515282
293 396.528186490515623
294 404.682729455066578
295 403.682729455067715
296 411.899807086714759
297 410.899807086715668
298 419.179418451659330
299 418.179418451661036
300 426.521562647379710
301 425.521562647381984
302 433.926238801382738
303 432.926238801382851
304 441.393446070013965
305 440.393446070015671
306 448.923183637320676
307 447.923183637324883
308 456.515450713964242
309 455.515450713965038
310 464.170246536177956
311 463.170246536180571
312 471.887570364782960
313 470.887570364784210
314 479.667421484236456
315 478.667421484239753
316 487.509799201747228
317 486.509799201752003
318 495.414702846393197
319 494.414702846395585
320 503.382131768295608
321 502.382131768298677
322 511.412085337854819
323 510.412085337856865
324 519.504562944960071
325 518.504562944961549
326 527.659563998302588
327 526.659563998303952
328 535.877087924653324
329 534.877087924654347
330 544.157134168230300
331 543.157134168232119
332 552.499702190039102
333 551.499702190044559
334 560.904791467288874
335 559.904791467296604
336 569.372401492795234
337 568.372401492809331
338 577.902531774446516
339 576.902531774454928
340 586.495181834628966
341 585.495181834632035
342 595.150351209743462
343 594.150351209743576
344 603.868039449718367
345 602.868039449723142
346 612.648246117529425
347 611.648246117531585
348 621.490970788741492
349 620.490970788745699
350 630.396213051092673
351 629.396213051098016
352 639.363972504063895
353 638.363972504065259
354 648.394248758476351
355 647.394248758479307
356 657.487041436117011
357 656.487041436117920
358 666.642350169370502
359 665.642350169380506
360 675.860174600861910
361 674.860174600868731
362 685.140514383105256
363 684.140514383105483
364 694.483369178181874
365 693.483369178185512
366 703.888738657453814
367 702.888738657458362
368 713.356622501215725
369 712.356622501218681
370 722.887020398424056
371 721.887020398429968
372 732.479932046428075
373 731.479932046428758
374 742.135357150667687
375 741.135357150674508
376 751.853295424466751
377 750.853295424475618
378 761.633746588730901
379 760.633746588734994
380 771.476710371716536
381 770.476710371718355
382 781.382186508820723
383 780.382186508821405
384 791.350174741538467
385 790.350174741538922
386 801.380674775022044
387 800.380674775025227
388 811.473686922026673
389 810.473686922031447
390 821.629402241398338
391 820.629402241406979
392 831.857094973555832
393 830.857094973563107
394 842.346893395696725
395 841.346893395704683
396 854.498061491299268
397 853.498061491306544
398 872.363279276797130
399 871.363279276810090
