0.500000000000000 0.000000012339491
0.400000000000000 0.000000000739401
0.333333333333333 0.000000000076963
0.285714285714286 0.000000000011551
0.250000000000000 0.000000000002242
0.222222222222222 0.000000000000563
0.200000000000000 0.000000000000164
0.181818181818182 0.000000000000060
0.166666666666667 0.000000000000029
0.153846153846154 0.000000000000046
0.142857142857143 0.000000000000007
0.133333333333333 0.000000000000036
0.125000000000000 0.000000000000068
0.117647058823529 0.000000000000088
0.111111111111111 0.000000000000066
0.105263157894737 0.000000000000005
0.100000000000000 0.000000000000073
0.095238095238095 0.000000000000004
0.090909090909091 0.000000000000036
0.086956521739130 0.000000000000017
0.083333333333333 0.000000000000040
0.080000000000000 0.000000000000103
0.076923076923077 0.000000000000132
0.074074074074074 0.000000000000031
0.071428571428571 0.000000000000017
0.068965517241379 0.000000000000100
0.066666666666667 0.000000000000125
0.064516129032258 0.000000000000109
0.062500000000000 0.000000000000038
0.060606060606061 0.000000000000223
0.058823529411765 0.000000000000056
0.057142857142857 0.000000000000056
0.055555555555556 0.000000000000060
0.054054054054054 0.000000000000168
0.052631578947368 0.000000000000125
0.051282051282051 0.000000000000136
