0.500000000000000 0.000001124203306
0.400000000000000 0.000000178176299
0.333333333333333 0.000000040151016
0.285714285714286 0.000000011475846
0.250000000000000 0.000000003894116
0.222222222222222 0.000000001504729
0.200000000000000 0.000000000643786
0.181818181818182 0.000000000298942
0.166666666666667 0.000000000148555
0.153846153846154 0.000000000078025
0.142857142857143 0.000000000043063
0.133333333333333 0.000000000024735
0.125000000000000 0.000000000014783
0.117647058823529 0.000000000009019
0.111111111111111 0.000000000005699
0.105263157894737 0.000000000003653
0.100000000000000 0.000000000002505
0.095238095238095 0.000000000001689
0.090909090909091 0.000000000001136
0.086956521739130 0.000000000000811
0.083333333333333 0.000000000000480
0.080000000000000 0.000000000000351
0.076923076923077 0.000000000000185
0.074074074074074 0.000000000000229
0.071428571428571 0.000000000000148
0.068965517241379 0.000000000000092
0.066666666666667 0.000000000000082
0.064516129032258 0.000000000000060
0.062500000000000 0.000000000000055
0.060606060606061 0.000000000000129
0.058823529411765 0.000000000000001
0.057142857142857 0.000000000000003
0.055555555555556 0.000000000000276
0.054054054054054 0.000000000000009
0.052631578947368 0.000000000000137
0.051282051282051 0.000000000000028
