1 0.000000003894052
2 0.000000043154645
3 0.000000241381228
4 0.000000922965103
5 0.000002749738288
6 0.000006871870782
7 0.000015089717394
8 0.000030026888665
9 0.000055314811217
10 0.000095789033631
11 0.000157697533437
12 0.000248921289774
13 0.000379207397655
14 0.000560415028872
15 0.000806774584532
16 0.001135160437693
17 0.001565377741514
18 0.002120463872210
19 0.002827005196281
20 0.003715469998706
21 0.004820558598283
22 0.006181571883928
23 0.007842799777613
24 0.009853931441448
25 0.012270489419116
26 0.015154290343300
27 0.018573935365882
28 0.022605334091459
29 0.027332266531605
30 0.032846988477949
31 0.039250886749667
32 0.046655192039566
33 0.055181758613656
34 0.064963921993602
35 0.076147448034575
36 0.088891589645357
37 0.103370270911014
38 0.119773422805899
39 0.138308500278768
40 0.159202217665971
41 0.182702548648543
42 0.209081049091338
43 0.238635577126530
44 0.271693506343176
45 0.308615557159378
46 0.349800411773508
47 0.395690335019438
48 0.446778103231040
49 0.503615669406003
50 0.566825132464352
51 0.637113045107576
52 0.715288596405927
53 0.802291323562663
54 0.899215208680026
55 1.007406696068024
56 1.128341762313397
57 1.264546908833857
58 1.416713508324690
59 1.595545494887702
60 1.782365710857484
61 2.063449383899709
62 2.227455685817297
63 2.817134605528537
64 2.687759551843570
65 3.597510800679636
66 3.061511518367126
67 4.051387675916800
68 3.308863318614030
69 4.307984063441040
70 3.438283537847070
71 4.438217393773073
72 3.463677430338308
73 4.463672938868513
74 3.394823985785578
75 4.394823703923464
76 3.238298151329232
77 4.238298134720480
78 2.998739932628737
79 3.998739931699021
80 2.679579801315654
81 3.679579801265760
82 2.283445266908330
83 3.283445266905744
84 1.812403732312958
85 2.812403732312561
86 1.268116624157088
87 2.268116624157045
88 0.651942072441031
89 1.651942072440931
90 0.034993988746308
91 0.965006011253607
92 0.791747013390747
93 0.208252986609239
94 1.617516576192060
95 0.617516576192443
96 2.511618428402826
97 1.511618428402983
98 3.473463146278391
99 2.473463146278817
100 4.502539549093910
101 3.502539549094521
102 5.598401636967139
103 4.598401636967182
104 6.760658171753590
105 5.760658171753704
106 7.988964273397642
107 6.988964273397940
108 9.283014574279335
109 8.283014574279861
110 10.642537592773067
111 9.642537592773451
112 12.067291071455230
113 11.067291071455244
114 13.557058086196193
115 12.557058086196818
116 15.111643776903264
117 14.111643776903890
118 16.730872583731497
119 15.730872583732321
120 18.414585897422455
121 17.414585897423194
122 20.162640051309154
123 19.162640051309381
124 21.974904597030019
125 20.974904597030019
126 23.851260817222538
127 22.851260817222766
128 25.791600437279556
129 24.791600437280607
130 27.795824505162756
131 26.795824505163978
132 29.863842413794515
133 28.863842413795282
134 31.995571044953465
135 30.995571044953778
136 34.190934017150113
137 33.190934017150880
138 36.449861022839002
139 35.449861022839542
140 38.772287242682637
141 37.772287242682808
142 41.158152826489584
143 40.158152826491403
144 43.607402432060383
145 42.607402432061264
146 46.119984814459855
147 45.119984814460167
148 48.695852459365597
149 47.695852459366364
150 51.334961255022364
151 50.334961255024467
152 54.037270198116119
153 53.037270198116715
154 56.802741129514999
155 55.802741129515454
156 59.631338496420085
157 58.631338496421478
158 62.523029137832992
159 61.523029137833248
160 65.477782090761167
161 64.477782090761650
162 68.495568414818905
163 67.495568414819445
164 71.576361033234150
165 70.576361033236367
166 74.720134588508500
167 73.720134588509552
168 77.926865311133639
169 76.926865311134208
170 81.196530900086856
171 80.196530900089243
172 84.529110413801845
173 83.529110413802869
174 87.924584170636308
175 86.924584170638639
176 91.382933657851368
177 90.382933657852107
178 94.904141448269627
179 93.904141448270252
180 98.488191123876106
181 97.488191123881222
182 102.135067205714449
183 101.135067205720304
184 105.844755089448881
185 104.844755089448995
186 109.617240986092895
187 108.617240986094544
188 113.452511867435362
189 112.452511867437352
190 117.350555415729673
191 116.350555415730810
192 121.311359977238340
193 120.311359977238965
194 125.334914519350320
195 124.334914519352139
196 129.421208590916649
197 128.421208590919150
198 133.570232285536974
199 132.570232285541238
200 137.781976207546847
201 136.781976207549405
202 142.056431440482186
203 141.056431440482811
204 146.393589517808891
205 145.393589517812245
206 150.793442395751583
207 149.793442395754198
208 155.255982428011464
209 154.255982428012146
210 159.781202342251504
211 158.781202342253437
212 164.369095218218774
213 163.369095218220707
214 169.019654467327996
215 168.019654467334760
216 173.732873813664071
217 172.732873813664412
218 178.508747276178838
219 177.508747276178951
220 183.347269152169360
221 182.347269152172544
222 188.248434001750127
223 187.248434001751718
224 193.212236633366047
225 192.212236633367127
226 198.238672090231546
227 197.238672090234786
228 203.327735637638114
229 202.327735637638852
230 208.479422751047593
231 207.479422751050436
232 213.693729104929446
233 212.693729104935528
234 218.970650562317644
235 217.970650562318042
236 224.310183164938508
237 223.310183164939247
238 229.712323124008208
239 228.712323124008208
240 235.177066811554312
241 234.177066811556358
242 240.704410752253523
243 239.704410752255455
244 246.294351615738549
245 245.294351615741846
246 251.946886209377965
247 250.946886209378874
248 257.662011471472567
249 256.662011471473193
250 263.439724464817687
251 262.439724464820642
252 269.280022370672441
253 268.280022370678580
254 275.182902483036742
255 274.182902483036742
256 281.148362203252418
257 280.148362203255374
258 287.176399034933411
259 286.176399034935685
260 293.267010579127600
261 292.267010579130897
262 299.420194529799460
263 298.420194529800710
264 305.635948669504387
265 304.635948669506774
266 311.914270865341564
267 310.914270865346111
268 318.255159065077805
269 317.255159065078715
270 324.658611293522654
271 323.658611293523336
272 331.124625649056270
273 330.124625649059226
274 337.653200300349113
275 336.653200300358321
276 344.244333483294440
277 343.244333483295577
278 350.898023498001066
279 349.898023498008911
280 357.614268706045323
281 356.614268706058738
282 364.393067527808739
283 363.393067527814651
284 371.234418439915999
285 370.234418439919068
286 378.138319972888098
287 377.138319972892418
288 385.104770708852811
289 384.104770708855312
290 392.133769279354965
291 391.133769279358717
292 399.225314363327925
293 398.225314363328152
294 406.379404685113627
295 405.379404685118857
296 413.596039012598908
297 412.596039012601636
298 420.875216155453131
299 419.875216155457451
300 428.216934963405720
301 427.216934963410267
302 435.621194324673183
303 434.621194324674889
304 443.087993164386603
305 442.087993164392060
306 450.617330443147807
307 449.617330443157584
308 458.209205155617383
309 457.209205155631707
310 465.863616329195679
311 464.863616329211254
312 473.580563022719161
313 472.580563022731326
314 481.360044325286594
315 480.360044325288186
316 489.202059355058168
317 488.202059355082724
318 497.106607258187069
319 496.106607258208783
320 505.073687207704779
321 504.073687207722628
322 513.103298402560313
323 512.103298402584983
324 521.195440066623405
325 520.195440066643300
326 529.350111447773202
327 528.350111447791051
328 537.567311816982624
329 536.567311816996039
330 545.847040467488114
331 544.847040467506872
332 554.189296714008151
333 553.189296714021680
334 562.594079891895717
335 561.594079891920046
336 571.061389356455038
337 570.061389356474365
338 579.591224482197731
339 578.591224482207508
340 588.183584662152612
341 587.183584662171938
342 596.838469307231776
343 595.838469307258606
344 605.555877845607483
345 604.555877845630562
346 614.335809722059821
347 613.335809722075510
348 623.178264397454200
349 622.178264397468183
350 632.083241348149727
351 631.083241348163028
352 641.050740065484206
353 640.050740065495120
354 650.080760055246742
355 649.080760055262317
356 659.173300837228226
357 658.173300837245733
358 668.328361944678818
359 667.328361944703147
360 677.545942923905841
361 676.545942923931761
362 686.826043333840289
363 685.826043333864163
364 696.168662745592201
365 695.168662745616075
366 705.573800742038884
367 704.573800742068443
368 715.041456917488631
369 714.041456917520918
370 724.571630877274856
371 723.571630877308280
372 734.164322237373653
373 733.164322237409351
374 743.819530624115714
375 742.819530624147092
376 753.537255673783193
377 752.537255673834807
378 763.317497032385063
379 762.317497032461233
380 773.160254355267170
381 772.160254355333791
382 783.065527306830745
383 782.065527306887816
384 793.033315560335950
385 792.033315560403480
386 803.063618815917607
387 802.063618815971722
388 813.156440107838080
389 812.156440107886738
390 823.312101157777079
391 822.312101157840289
392 833.545396358633752
393 832.545396358686048
394 844.125027383216775
395 843.125027383249289
396 856.711921315769814
397 855.711921315827794
398 875.770876741434677
399 874.770876741470602
