1 0.000000000001708
2 0.000000000034109
3 0.000000000262798
4 0.000000001357770
5 0.000000005381264
6 0.000000017562949
7 0.000000049401116
8 0.000000123610397
9 0.000000281498160
10 0.000000593442413
11 0.000001173233832
12 0.000002197130319
13 0.000003928586887
14 0.000006749712565
15 0.000011200642223
16 0.000018028105972
17 0.000028244623920
18 0.000043199868077
19 0.000064665881130
20 0.000094937965752
21 0.000136953219076
22 0.000194428820162
23 0.000272022339423
24 0.000375516494795
25 0.000512030953029
26 0.000690263935088
27 0.000920766593552
28 0.001216253326788
29 0.001591951432523
30 0.002065993771467
31 0.002659858433720
32 0.003398859776976
33 0.004312695671331
34 0.005436056363244
35 0.006809301089234
36 0.008479209476647
37 0.010499815910514
38 0.012933336506478
39 0.015851200173472
40 0.019335197610609
41 0.023478765109012
42 0.028388423890114
43 0.034185400717121
44 0.041007461971894
45 0.049011001825242
46 0.058373436201272
47 0.069295968932806
48 0.082006816183267
49 0.096765002073134
50 0.113864874766115
51 0.133641546423426
52 0.156477522350031
53 0.182810944189875
54 0.213145804238572
55 0.248065697314622
56 0.288249092813913
57 0.334500652646668
58 0.387752283520562
59 0.449223853214299
60 0.520077025388659
61 0.602968230603793
62 0.697355428571122
63 0.815701344782347
64 0.934664903190090
65 1.143415856821022
66 1.234595565733997
67 1.726219017879103
68 1.549344362828919
69 2.402107317441676
70 1.792800676149241
71 2.770276016422940
72 1.918743182612829
73 2.916012626722690
74 1.927967438865011
75 2.927670305986339
76 1.832582167504711
77 2.832551953228503
78 1.642399961672311
79 2.642397028555180
80 1.364189837874221
81 2.364189562232198
82 1.002715852904331
83 2.002715827578811
84 0.561477540097883
85 1.561477537806056
86 0.043141086382789
87 1.043141086177343
88 0.550203807387774
89 0.449796192593908
90 1.216882459983310
91 0.216882459984944
92 1.955528601038338
93 0.955528601038807
94 2.765011092245970
95 1.765011092246368
96 3.644381877245934
97 2.644381877246389
98 4.592837991474383
99 3.592837991474894
100 5.609693192605548
101 4.609693192606414
102 6.694356357950895
103 5.694356357951278
104 7.846314755414966
105 6.846314755416259
106 9.065120896979067
107 8.065120896979295
108 10.350382073296203
109 9.350382073297197
110 11.701751926748386
111 10.701751926748827
112 13.118923596289576
113 12.118923596290330
114 14.601624089557447
115 13.601624089558044
116 16.149609624143665
117 15.149609624144318
118 17.762661742061994
119 16.762661742062079
120 19.440584046835625
121 18.440584046836392
122 21.183199446202650
123 20.183199446202991
124 22.990347808644088
125 21.990347808644799
126 24.861883961013774
127 23.861883961013973
128 26.797675969191914
129 25.797675969191943
130 28.797603655011898
131 27.797603655011983
132 30.861557311539457
133 29.861557311540679
134 32.989436585756152
135 31.989436585756209
136 35.181149503222429
137 34.181149503222741
138 37.436611613705509
139 36.436611613706077
140 39.755745240313757
141 38.755745240315235
142 42.138478817561378
143 41.138478817562572
144 44.584746306127840
145 43.584746306128238
146 47.094486673992094
147 46.094486673992463
148 49.667643435229877
149 48.667643435230161
150 52.304164239003285
151 51.304164239003796
152 55.004000502480835
153 54.004000502482910
154 57.767107082198578
155 56.767107082199232
156 60.593441979227123
157 59.593441979227748
158 63.482966074135390
159 62.482966074136726
160 66.435642888262635
161 65.435642888264482
162 69.451438368281060
163 68.451438368281345
164 72.530320691434923
165 71.530320691435207
166 75.672260089169896
167 74.672260089170464
168 78.877228687144481
169 77.877228687144964
170 82.145200359862912
171 81.145200359868738
172 85.476150598443041
173 84.476150598444747
174 88.870056390047807
175 87.870056390049569
176 92.326896107928690
177 91.326896107930679
178 95.846649410901819
179 94.846649410901819
180 99.429297151374726
181 98.429297151379444
182 103.074821291096214
183 102.074821291097578
184 106.783204823836627
185 105.783204823837309
186 110.554431704412366
187 109.554431704413503
188 114.388486783397411
189 113.388486783398037
190 118.285355747026529
191 117.285355747026927
192 122.245025061828471
193 121.245025061829097
194 126.267481923519654
195 125.267481923522382
196 130.352714209847477
197 129.352714209847989
198 134.500710436950840
199 133.500710436952090
200 138.711459719022344
201 137.711459719024788
202 142.984951730935734
203 141.984951730936245
204 147.321176673585398
205 146.321176673586820
206 151.720125241747326
207 150.720125241747496
208 156.181788594215050
209 155.181788594218119
210 160.706158326057732
211 159.706158326058585
212 165.293226442802734
213 164.293226442803530
214 169.942985336403638
215 168.942985336404774
216 174.655427762857187
217 173.655427762857926
218 179.430546821313328
219 178.430546821315886
220 184.268335934605375
221 183.268335934607080
222 189.168788831047891
223 188.168788831051074
224 194.131899527447274
225 193.131899527447786
226 199.157662313192475
227 198.157662313195601
228 204.246071735389989
229 203.246071735394253
230 209.397122584916531
231 208.397122584921192
232 214.610809883391767
233 213.610809883400805
234 219.887128870920776
235 218.887128870927256
236 225.226074994609178
237 224.226074994609178
238 230.627643897784651
239 229.627643897789596
240 236.091831409892507
241 235.091831409895406
242 241.618633536954519
243 240.618633536954917
244 247.208046452609551
245 246.208046452615804
246 252.860066489733526
247 251.860066489742337
248 258.574690132472824
249 257.574690132473108
250 264.351914008766812
251 263.351914008768972
252 270.191734883357867
253 269.191734883359686
254 276.094149651096018
255 275.094149651100224
256 282.059155330710041
257 281.059155330710610
258 288.086749058873124
259 287.086749058875171
260 294.176928084637552
261 293.176928084638803
262 300.329689764136901
263 299.329689764144177
264 306.545031555632704
265 305.545031555639071
266 312.822951014751311
267 311.822951014754381
268 319.163445790036917
269 318.163445790039987
270 325.566513618747649
271 324.566513618751060
272 332.032152322829688
273 331.032152322831053
274 338.560359805115127
275 337.560359805118196
276 345.151134045761637
277 344.151134045762092
278 351.804473098805943
279 350.804473098814242
280 358.520375088969331
281 357.520375088975356
282 365.298838208542975
283 364.298838208546499
284 372.139860714507563
285 371.139860714510974
286 379.043440925754908
287 378.043440925763662
288 386.009577220464507
289 385.009577220466099
290 393.038268033581062
291 392.038268033588906
292 400.129511854459111
293 399.129511854459906
294 407.283307224588498
295 406.283307224590203
296 414.499652735451718
297 413.499652735462973
298 421.778547026479373
299 420.778547026482443
300 429.119988783069971
301 428.119988783070198
302 436.523976734758321
303 435.523976734758435
304 443.990509653443269
305 442.990509653446566
306 451.519586351678981
307 450.519586351680232
308 459.111205681087540
309 458.111205681091747
310 466.765366530807796
311 465.765366530817460
312 474.482067826028128
313 473.482067826030971
314 482.261308526600260
315 481.261308526601852
316 490.103087625672515
317 489.103087625685134
318 498.007404148481328
319 497.007404148487922
320 505.974257151055326
321 504.974257151056463
322 514.003645719060728
323 513.003645719064025
324 522.095568966748260
325 521.095568966751102
326 530.250026035817086
327 529.250026035818109
328 538.467016094438577
329 537.467016094442442
330 546.746538336256663
331 545.746538336261551
332 555.088591979473108
333 554.088591979487205
334 563.493176265935972
335 562.493176265951661
336 571.960290460312194
337 570.960290460329247
338 580.489933849221302
339 579.489933849236650
340 589.082105740495535
341 588.082105740507131
342 597.736805462395523
343 596.736805462400525
344 606.454032362899511
345 605.454032362920771
346 615.233785809032952
347 614.233785809052392
348 624.076065186173878
349 623.076065186189794
350 632.980869897405910
351 631.980869897420575
352 641.948199362944592
353 640.948199362956075
354 650.978053019538606
355 649.978053019559297
356 660.070430319897469
357 659.070430319912020
358 669.225330732132079
359 668.225330732154134
360 678.442753739294858
361 677.442753739310547
362 687.722698838801989
363 686.722698838817678
364 697.065165542023351
365 696.065165542046998
366 706.470153373773655
367 705.470153373805488
368 715.937661871903401
369 714.937661871927730
370 725.467690586838444
371 724.467690586854587
372 735.060239081186182
373 734.060239081205737
374 744.715306929355847
375 743.715306929380858
376 754.432893717143315
377 753.432893717167872
378 764.212999041421426
379 763.212999041448484
380 774.055622509710702
381 773.055622509781642
382 783.960763739918320
383 782.960763740003813
384 793.928422360018885
385 792.928422360095510
386 803.958598036762851
387 802.958598036825833
388 814.051295276356768
389 813.051295276433166
390 824.206952041515478
391 823.206952041571640
392 834.444442014496644
393 833.444442014557808
394 845.082152375788155
395 844.082152375849546
396 857.940954464570041
397 856.940954464628248
398 877.614578229154176
399 876.614578229192603
