0.500000000000000 0.000013559757067
0.400000000000000 0.000002529517089
0.333333333333333 0.000000624019039
0.285714285714286 0.000000188471690
0.250000000000000 0.000000066300719
0.222222222222222 0.000000026261914
0.200000000000000 0.000000011436891
0.181818181818182 0.000000005381532
0.166666666666667 0.000000002700458
0.153846153846154 0.000000001430737
0.142857142857143 0.000000000794105
0.133333333333333 0.000000000458763
0.125000000000000 0.000000000274557
0.117647058823529 0.000000000169363
0.111111111111111 0.000000000107450
0.105263157894737 0.000000000069871
0.100000000000000 0.000000000046295
0.095238095238095 0.000000000031402
0.090909090909091 0.000000000021584
0.086956521739130 0.000000000015172
0.083333333333333 0.000000000010769
0.080000000000000 0.000000000007785
0.076923076923077 0.000000000005822
0.074074074074074 0.000000000004272
0.071428571428571 0.000000000003242
0.068965517241379 0.000000000002346
0.066666666666667 0.000000000001827
0.064516129032258 0.000000000001432
0.062500000000000 0.000000000001175
0.060606060606061 0.000000000000890
0.058823529411765 0.000000000000551
0.057142857142857 0.000000000000582
0.055555555555556 0.000000000000600
0.054054054054054 0.000000000000325
0.052631578947368 0.000000000000431
0.051282051282051 0.000000000000485
