0.500000000000000 0.000002966930872
0.400000000000000 0.000000374185483
0.333333333333333 0.000000068762712
0.285714285714286 0.000000020881027
0.250000000000000 0.000000012756580
0.222222222222222 0.000000012117489
0.200000000000000 0.000000012956382
0.181818181818182 0.000000013983363
0.166666666666667 0.000000014913835
0.153846153846154 0.000000015701266
0.142857142857143 0.000000016356618
0.133333333333333 0.000000016901658
0.125000000000000 0.000000017357249
0.117647058823529 0.000000017740786
0.111111111111111 0.000000018066104
0.105263157894737 0.000000018344115
0.100000000000000 0.000000018583408
0.095238095238095 0.000000018790521
0.090909090909091 0.000000018971269
0.086956521739130 0.000000019129435
0.083333333333333 0.000000019269209
0.080000000000000 0.000000019392710
0.076923076923077 0.000000019502527
0.074074074074074 0.000000019600734
0.071428571428571 0.000000019689103
0.068965517241379 0.000000019768423
0.066666666666667 0.000000019840017
0.064516129032258 0.000000019905090
0.062500000000000 0.000000019964221
0.060606060606061 0.000000020017988
0.058823529411765 0.000000020067116
0.057142857142857 0.000000020112092
0.055555555555556 0.000000020154082
0.054054054054054 0.000000020191760
0.052631578947368 0.000000020226998
0.051282051282051 0.000000020259722
