0.500000000000000 0.007940725917234
0.400000000000000 0.005051570230851
0.333333333333333 0.003496853260060
0.285714285714286 0.002564239655922
0.250000000000000 0.001960845378670
0.222222222222222 0.001548017583577
0.200000000000000 0.001253148699954
0.181818181818182 0.001035205620291
0.166666666666667 0.000869570506375
0.153846153846154 0.000740744007430
0.142857142857143 0.000638571695614
0.133333333333333 0.000556174907317
0.125000000000000 0.000488759490195
0.117647058823529 0.000432901083661
0.111111111111111 0.000386100847673
0.105263157894737 0.000346500679999
0.100000000000000 0.000312695679733
0.095238095238095 0.000283607670014
0.090909090909091 0.000258398071065
0.086956521739130 0.000236406725255
0.083333333333333 0.000217108201798
0.080000000000000 0.000200080096178
0.076923076923077 0.000184979703080
0.074074074074074 0.000171526627046
0.071428571428571 0.000159489665733
0.068965517241379 0.000148676802995
0.066666666666667 0.000138927501369
0.064516129032258 0.000130106705154
0.062500000000000 0.000122100136772
0.060606060606061 0.000114810574717
0.058823529411765 0.000108154887901
0.057142857142857 0.000102061653834
0.055555555555556 0.000096469233586
0.054054054054054 0.000091324207085
0.052631578947368 0.000086580091804
0.051282051282051 0.000082196289245
