0.500000000000000 0.000252891399173
0.400000000000000 0.000102267140913
0.333333333333333 0.000048979854940
0.285714285714286 0.000026328943768
0.250000000000000 0.000015392266579
0.222222222222222 0.000009591720365
0.200000000000000 0.000006284892962
0.181818181818182 0.000004288513406
0.166666666666667 0.000003025749784
0.153846153846154 0.000002195513221
0.142857142857143 0.000001631549310
0.133333333333333 0.000001237622929
0.125000000000000 0.000000955747907
0.117647058823529 0.000000749755657
0.111111111111111 0.000000596396672
0.105263157894737 0.000000480323976
0.100000000000000 0.000000391168153
0.095238095238095 0.000000321773514
0.090909090909091 0.000000267108739
0.086956521739130 0.000000223575965
0.083333333333333 0.000000188561960
0.080000000000000 0.000000160142444
0.076923076923077 0.000000136881205
0.074074074074074 0.000000117694451
0.071428571428571 0.000000101754929
0.068965517241379 0.000000088425045
0.066666666666667 0.000000077208117
0.064516129032258 0.000000067714855
0.062500000000000 0.000000059637193
0.060606060606061 0.000000052728610
0.058823529411765 0.000000046792266
0.057142857142857 0.000000041668108
0.055555555555556 0.000000037226693
0.054054054054054 0.000000033361745
0.052631578947368 0.000000029985562
0.051282051282051 0.000000027025752
