0.500000000000000 0.000749882025325
0.400000000000000 0.000315676471172
0.333333333333333 0.000154658688761
0.285714285714286 0.000084308170828
0.250000000000000 0.000049744409508
0.222222222222222 0.000031196983639
0.200000000000000 0.000020535864228
0.181818181818182 0.000014060761535
0.166666666666667 0.000009946507996
0.153846153846154 0.000007232029242
0.142857142857143 0.000005383063107
0.133333333333333 0.000004088722313
0.125000000000000 0.000003160893768
0.117647058823529 0.000002481842067
0.111111111111111 0.000001975671850
0.105263157894737 0.000001592170631
0.100000000000000 0.000001297341343
0.095238095238095 0.000001067686420
0.090909090909091 0.000000886660606
0.086956521739130 0.000000742416851
0.083333333333333 0.000000626342207
0.080000000000000 0.000000532087106
0.076923076923077 0.000000454910533
0.074074074074074 0.000000391230293
0.071428571428571 0.000000338310963
0.068965517241379 0.000000294043268
0.066666666666667 0.000000256783774
0.064516129032258 0.000000225242808
0.062500000000000 0.000000198398435
0.060606060606061 0.000000175436229
0.058823529411765 0.000000155701657
0.057142857142857 0.000000138665133
0.055555555555556 0.000000123896221
0.054054054054054 0.000000111042375
0.052631578947368 0.000000099812346
0.051282051282051 0.000000089966430
