0.500000000000000 0.000013539373470
0.400000000000000 0.000002525517667
0.333333333333333 0.000000623004641
0.285714285714286 0.000000188160085
0.250000000000000 0.000000066189915
0.222222222222222 0.000000026217701
0.200000000000000 0.000000011417542
0.181818181818182 0.000000005372361
0.166666666666667 0.000000002695853
0.153846153846154 0.000000001428293
0.142857142857143 0.000000000792734
0.133333333333333 0.000000000457898
0.125000000000000 0.000000000274039
0.117647058823529 0.000000000169066
0.111111111111111 0.000000000107222
0.105263157894737 0.000000000069707
0.100000000000000 0.000000000046318
0.095238095238095 0.000000000031409
0.090909090909091 0.000000000021709
0.086956521739130 0.000000000015232
0.083333333333333 0.000000000010790
0.080000000000000 0.000000000007717
0.076923076923077 0.000000000005722
0.074074074074074 0.000000000004129
0.071428571428571 0.000000000003110
0.068965517241379 0.000000000002200
0.066666666666667 0.000000000001869
0.064516129032258 0.000000000001422
0.062500000000000 0.000000000001187
0.060606060606061 0.000000000000879
0.058823529411765 0.000000000000928
0.057142857142857 0.000000000000596
0.055555555555556 0.000000000000290
0.054054054054054 0.000000000000218
0.052631578947368 0.000000000000566
0.051282051282051 0.000000000000035
