50.000000000000 43782.670127868223
60.000000000000 31354.504536058186
70.000000000000 25194.270785274366
80.000000000000 21613.770122637128
90.000000000000 19306.460752925155
100.000000000000 17708.246376893945
110.000000000000 16542.850421816707
120.000000000000 15656.165161725445
130.000000000000 14961.205332784833
140.000000000000 14402.616609861801
150.000000000000 13944.172414199062
160.000000000000 13561.458581127761
170.000000000000 13237.287919464397
180.000000000000 12959.327729797038
190.000000000000 12718.450436012647
200.000000000000 12507.791221628962
210.000000000000 12322.028930155335
220.000000000000 12157.012679855132
230.000000000000 12009.452362699800
240.000000000000 11876.715069407837
250.000000000000 11756.671655738581
260.000000000000 11647.617090226848
270.000000000000 11548.116199638456
280.000000000000 11456.973222522240
290.000000000000 11373.176132945153
300.000000000000 11295.868302696816
310.000000000000 11224.339686416039
320.000000000000 11157.997368623048
330.000000000000 11096.247529645816
340.000000000000 11038.649237348425
350.000000000000 10984.798427364840
360.000000000000 10934.341969081925
370.000000000000 10886.893686265397
380.000000000000 10842.306151783758
390.000000000000 10800.296891193102
400.000000000000 10760.644134187889
410.000000000000 10723.154802644453
420.000000000000 10687.656877047999
430.000000000000 10653.995378646125
440.000000000000 10622.031065388939
450.000000000000 10591.639302616997
460.000000000000 10562.688039413562
470.000000000000 10535.092019353589
480.000000000000 10508.760886492999
490.000000000000 10483.609641832643
500.000000000000 10459.560874128239
510.000000000000 10436.543995960621
520.000000000000 10414.495252882572
530.000000000000 10393.353486751235
540.000000000000 10373.063891676424
550.000000000000 10353.575869647813
560.000000000000 10334.845311574583
570.000000000000 10316.834556903044
580.000000000000 10299.495744831938
590.000000000000 10282.792028848426
600.000000000000 10266.689259458657
610.000000000000 10251.154610088995
620.000000000000 10236.158772991537
630.000000000000 10221.674479099709
640.000000000000 10207.676151292570
650.000000000000 10194.139700837512
660.000000000000 10181.042676260295
670.000000000000 10168.364036019055
680.000000000000 10156.084059368826
690.000000000000 10144.184245527553
700.000000000000 10132.647221850277
710.000000000000 10121.456662405395
720.000000000000 10110.597195327116
730.000000000000 10100.054345489207
740.000000000000 10089.814476613215
750.000000000000 10079.864719594945
760.000000000000 10070.192984819907
770.000000000000 10060.787878786150
780.000000000000 10051.638388576661
790.000000000000 10042.734246284441
800.000000000000 10034.065712844624
810.000000000000 10025.623566249167
820.000000000000 10017.399053745872
830.000000000000 10009.383869829628
840.000000000000 10001.570126928542
850.000000000000 9993.950663507838
860.000000000000 9986.519253226570
870.000000000000 9979.267835290539
880.000000000000 9972.189852267282
890.000000000000 9965.279103116898
900.000000000000 9958.529881594897
910.000000000000 9951.936591987847
920.000000000000 9945.493894800795
930.000000000000 9939.196691057796
940.000000000000 9933.040109298830
950.000000000000 9927.019493064525
960.000000000000 9921.130388647429
970.000000000000 9915.368534103511
980.000000000000 9909.729852229731
990.000000000000 9904.210437682157
1000.000000000000 9898.806547045593
