# ORDER OF GMN: 12
# ORDER OF RICHARDSON EXTRAPOLATION: 10
# H VALUES: 0.125; 0.0625; 0.03125
# LEFT RIGID BOUNDARY: 4
# RIGHT RIGID BOUNDARY: 40
J = 0
-188.057043
-165.274069
-143.961684
-124.119887
-105.748677
-88.848056
-73.418023
-59.458579
-46.969722
-35.951453
-26.403773
-18.326681
-11.720177
-6.584261
-2.918933
-0.724194

J = 1
-187.920536
-165.143057
-143.836274
-124.000199
-105.634847
-88.740235
-73.316383
-59.363317
-46.881071
-35.869689
-26.329228
-18.259773
-11.661448
-6.534461
-2.879204
-0.696692

J = 2
-187.647579
-164.881089
-143.585513
-123.760886
-105.407251
-88.524659
-73.113173
-59.172871
-46.703853
-35.706250
-26.180239
-18.126072
-11.544126
-6.435025
-2.799970
-0.642074

J = 3
-187.238283
-164.488282
-143.209521
-123.402072
-105.066019
-88.201466
-72.808538
-58.887393
-46.438232
-35.461318
-25.957007
-17.925806
-11.368477
-6.286287
-2.681681
-0.561137

J = 4
-186.692816
-163.964808
-142.708477
-122.923942
-104.611345
-87.770859
-72.402694
-58.507115
-46.084458
-35.135165
-25.659835
-17.659319
-11.134909
-6.088749
-2.525027
-0.455138

J = 5
-186.011400
-163.310897
-142.082618
-122.326744
-104.043488
-87.233111
-71.895930
-58.032345
-45.642863
-34.728155
-25.289127
-17.327075
-10.843965
-5.843091
-2.330949
-0.325906

J = 6
-185.194316
-162.526838
-141.332244
-121.610789
-103.362773
-86.588562
-71.288607
-57.463468
-45.113866
-34.240746
-24.845396
-16.929656
-10.496337
-5.550176
-2.100664
-0.176044

J = 7
-184.241900
-161.612977
-140.457713
-120.776449
-102.569588
-85.837624
-70.581160
-56.800952
-44.497969
-33.673489
-24.329256
-16.467768
-10.092862
-5.211066
-1.835697
-0.009421

J = 8
-183.154543
-160.569718
-139.459444
-119.824160
-101.664392
-84.980776
-69.774097
-56.045339
-43.795763
-33.027034
-23.741433
-15.942245
-9.634538
-4.827032
-1.537925

J = 9
-181.932692
-159.397523
-138.337915
-118.754421
-100.647704
-84.018568
-68.868004
-55.197257
-43.007925
-32.302125
-23.082766
-15.354052
-9.122524
-4.399576
-1.209650

J = 10
-180.576854
-158.096914
-137.093666
-117.567794
-99.520115
-82.951621
-67.863540
-54.257412
-42.135224
-31.499611
-22.354207
-14.704295
-8.558160
-3.930453
-0.853704

J = 11
-179.087588
-156.668470
-135.727300
-116.264906
-98.282280
-81.780628
-66.761441
-53.226597
-41.178522
-30.620443
-21.556830
-13.994223
-7.942974
-3.421710
-0.473620

J = 12
-177.465514
-155.112829
-134.239478
-114.846448
-96.934925
-80.506354
-65.562522
-52.105687
-40.138772
-29.665678
-20.691836
-13.225243
-7.278702
-2.875728
-0.073951

J = 13
-175.711306
-153.430690
-132.630924
-113.313174
-95.478842
-79.129636
-64.267677
-50.895647
-39.017028
-28.636488
-19.760557
-12.398927
-6.567312
-2.295285

J = 14
-173.825696
-151.622810
-130.902426
-111.665908
-93.914894
-77.651389
-62.877881
-49.597528
-37.814442
-27.534158
-18.764464
-11.517024
-5.811028
-1.683643

J = 15
-171.809475
-149.690006
-129.054833
-109.905536
-92.244016
-76.072602
-61.394193
-48.212477
-36.532272
-26.360095
-17.705178
-10.581483
-5.012367
-1.044690

J = 16
-169.663490
-147.633156
-127.089058
-108.033013
-90.467212
-74.394341
-59.817755
-46.741732
-35.171882
-25.115836
-16.584479
-9.594462
-4.174190
-0.383144

J = 17
-167.388648
-145.453198
-125.006079
-106.049363
-88.585561
-72.617754
-58.149798
-45.186631
-33.734752
-23.803051
-15.404318
-8.558366
-3.299763

J = 18
-164.985912
-143.151134
-122.806937
-103.955678
-86.600215
-70.744066
-56.391642
-43.548613
-32.222478
-22.423557
-14.166835
-7.475866
-2.392847

J = 19
-162.456308
-140.728025
-120.492740
-101.753120
-84.512405
-68.774589
-54.544701
-41.829225
-30.636784
-20.979325
-12.874377
-6.349948
-1.457827

J = 20
-159.800918
-138.184995
-118.064663
-99.442924
-82.323435
-66.710718
-52.610483
-40.030123
-28.979525
-19.472494
-11.529518
-5.183961
-0.499911

J = 21
-157.020884
-135.523234
-115.523947
-97.026396
-80.034692
-64.553938
-50.590599
-38.153081
-27.252699
-17.905385
-10.135092
-3.981691

J = 22
-154.117413
-132.743995
-112.871905
-94.504916
-77.647643
-62.305824
-48.486762
-36.199997
-25.458457
-16.280521
-8.694227
-2.747456

J = 23
-151.091767
-129.848593
-110.109915
-91.879944
-75.163840
-59.968048
-46.300796
-34.172899
-23.599113
-14.600646
-7.210392
-1.486246

J = 24
-147.945276
-126.838415
-107.239432
-89.153013
-72.584923
-57.542378
-44.034642
-32.073955
-21.677162
-12.868755
-5.687457
-0.203930

J = 25
-144.679327
-123.714910
-104.261979
-86.325741
-69.912618
-55.030688
-41.690359
-29.905485
-19.695294
-11.088126
-4.129775

J = 26
-141.295376
-120.479600
-101.179157
-83.399825
-67.148750
-52.434956
-39.270139
-27.669969
-17.656419
-9.262363
-2.542296

J = 27
-137.794941
-117.134072
-97.992642
-80.377049
-64.295236
-49.757279
-36.776311
-25.370066
-15.563691
-7.395451
-0.930724

J = 28
-134.179604
-113.679989
-94.704190
-77.259286
-61.354099
-46.999872
-34.211352
-23.008630
-13.420539
-5.491830

J = 29
-130.451018
-110.119085
-91.315637
-74.048500
-58.327465
-44.165077
-31.577904
-20.588728
-11.230711
-3.556489

J = 30
-126.610901
-106.453168
-87.828904
-70.746752
-55.217577
-41.255376
-28.878779
-18.113669
-8.998322
-1.595106

J = 31
-122.661041
-102.684126
-84.245997
-67.356201
-52.026793
-38.273398
-26.116985
-15.587034
-6.727921

J = 32
-118.603300
-98.813922
-80.569014
-63.879115
-48.757600
-35.221929
-23.295741
-13.012713
-4.424582

J = 33
-114.439609
-94.844606
-76.800147
-60.317868
-45.412621
-32.103931
-20.418506
-10.394957
-2.094025

J = 34
-110.171977
-90.778310
-72.941686
-56.674957
-41.994623
-28.922556
-17.489005
-7.738439

J = 35
-105.802489
-86.617254
-68.996025
-52.953000
-38.506534
-25.681167
-14.511270
-5.048340

J = 36
-101.333312
-82.363752
-64.965665
-49.154751
-34.951449
-22.383362
-11.489688
-2.330457

J = 37
-96.766692
-78.020213
-60.853226
-45.283106
-31.332657
-19.033004
-8.429057

J = 38
-92.104963
-73.589147
-56.661446
-41.341118
-27.653651
-15.634260
-5.334671

J = 39
-87.350549
-69.073170
-52.393198
-37.332008
-23.918159
-12.191643
-2.212426

J = 40
-82.505965
-64.475010
-48.051495
-33.259185
-20.130171
-8.710075

J = 41
-77.573826
-59.797517
-43.639502
-29.126260
-16.293973
-5.194962

J = 42
-72.556848
-55.043665
-39.160548
-24.937076
-12.414195
-1.652295

J = 43
-67.457855
-50.216568
-34.618147
-20.695731
-8.495870

J = 44
-62.279788
-45.319486
-30.016012
-16.406616
-4.544501

J = 45
-57.025710
-40.355840
-25.358077
-12.074458
-0.566165

J = 46
-51.698815
-35.329225
-20.648528
-7.704374

J = 47
-46.302436
-30.243432
-15.891835
-3.301946

J = 48
-40.840061
-25.102463
-11.092794

J = 49
-35.315345
-19.910563
-6.256577

J = 50
-29.732122
-14.672244
-1.388802

J = 51
-24.094430
-9.392330

J = 52
-18.406530
-4.076003

J = 53
-12.672933

J = 54
-6.898436

J = 55
-1.088162

J = 56

J = 57

J = 58

J = 59

J = 60

