50.0000000000   276211.8031145788
60.0000000000   156420.9262399137
70.0000000000   107877.6664349354
80.0000000000   83320.3563135564
90.0000000000   69009.0353457642
100.0000000000   59823.0499072063
110.0000000000   53503.2605526125
120.0000000000   48923.9910065706
130.0000000000   45470.5097482192
140.0000000000   42782.2969948974
150.0000000000   40635.5296993993
160.0000000000   38884.6455415699
170.0000000000   37431.2595188177
180.0000000000   36206.6803395504
190.0000000000   35161.6028956590
200.0000000000   34259.7826953503
210.0000000000   33474.0172608073
220.0000000000   32783.5149801857
230.0000000000   32172.1261345386
240.0000000000   31627.1253584720
250.0000000000   31138.3559378365
260.0000000000   30697.6170340041
270.0000000000   30298.2173936245
280.0000000000   29934.6452987386
290.0000000000   29602.3210586874
300.0000000000   29297.4090245404
310.0000000000   29016.6731360688
320.0000000000   28757.3647220808
330.0000000000   28517.1344845515
340.0000000000   28293.9628173763
350.0000000000   28086.1041684195
360.0000000000   27892.0422608987
370.0000000000   27710.4537869276
380.0000000000   27540.1787658686
390.0000000000   27380.1961865896
400.0000000000   27229.6038694776
410.0000000000   27087.6017215368
420.0000000000   26953.4777375082
430.0000000000   26826.5962369079
440.0000000000   26706.3879321355
450.0000000000   26592.3415042891
460.0000000000   26483.9964268465
470.0000000000   26380.9368272169
480.0000000000   26282.7862155311
490.0000000000   26189.2029412999
500.0000000000   26099.8762635488
510.0000000000   26014.5229400951
520.0000000000   25932.8842578272
530.0000000000   25854.7234389807
540.0000000000   25779.8233691173
550.0000000000   25707.9846012715
560.0000000000   25639.0235979462
570.0000000000   25572.7711785800
580.0000000000   25509.0711450494
590.0000000000   25447.7790618668
600.0000000000   25388.7611711670
610.0000000000   25331.8934254418
620.0000000000   25277.0606234022
630.0000000000   25224.1556363785
640.0000000000   25173.0787143982
650.0000000000   25123.7368625390
660.0000000000   25076.0432794026
670.0000000000   25029.9168506166
680.0000000000   24985.2816911811
690.0000000000   24942.0667312577
700.0000000000   24900.2053406708
710.0000000000   24859.6349879683
720.0000000000   24820.2969303913
730.0000000000   24782.1359315359
740.0000000000   24745.1000038659
750.0000000000   24709.1401735645
760.0000000000   24674.2102654979
770.0000000000   24640.2667063141
780.0000000000   24607.2683439189
790.0000000000   24575.1762817633
800.0000000000   24543.9537265446
810.0000000000   24513.5658480718
820.0000000000   24483.9796501795
830.0000000000   24455.1638516855
840.0000000000   24427.0887764951
850.0000000000   24399.7262520416
860.0000000000   24373.0495153356
870.0000000000   24347.0331259671
880.0000000000   24321.6528854672
890.0000000000   24296.8857624939
900.0000000000   24272.7098233588
910.0000000000   24249.1041674532
920.0000000000   24226.0488671772
930.0000000000   24203.5249120094
940.0000000000   24181.5141563878
950.0000000000   24159.9992711029
960.0000000000   24138.9636979306
970.0000000000   24118.3916072543
980.0000000000   24098.2678584513
990.0000000000   24078.5779628331
1000.0000000000   24059.3080489524
