0.1 156438
0.2 111051
0.3 94768.7
0.4 83593.1
0.5 74486.8
0.6 66639.6
0.7 59726.6
0.8 53575.3
0.9 48073.9
1 43140.2
1.1 38708.6
1.2 34724.4
1.3 31140.4
1.4 27915.6
1.5 25013.6
1.6 22401.8
1.7 20051.6
1.8 17936.8
1.9 16034.3
2 14323
2.1 12784.2
2.2 11400.8
2.3 10157.5
2.4 9040.55
2.5 8037.42
2.6 7136.89
2.7 6328.82
2.8 5604.06
2.9 4954.34
3 4372.23
3.1 3850.99
3.2 3384.54
3.3 2967.43
3.4 2594.69
3.5 2261.89
3.6 1964.99
3.7 1700.36
3.8 1464.75
3.9 1255.19
4 1069.04
4.1 903.883
4.2 757.57
4.3 628.151
4.4 513.873
4.5 413.156
4.6 324.579
4.7 246.859
4.8 178.845
4.9 119.5
5 67.8907
5.1 23.1792
5.2 -15.3887
5.3 -48.4901
5.4 -76.7333
5.5 -100.664
5.6 -120.773
5.7 -137.5
5.8 -151.237
5.9 -162.339
6 -171.121
6.1 -177.866
6.2 -182.826
6.3 -186.228
6.4 -188.273
6.5 -189.14
6.6 -188.991
6.7 -187.968
6.8 -186.197
6.9 -183.791
7 -180.85
7.1 -177.463
7.2 -173.707
7.3 -169.652
7.4 -165.359
7.5 -160.88
7.6 -156.262
7.7 -151.547
7.8 -146.77
7.9 -141.963
8 -137.151
8.1 -132.359
8.2 -127.606
8.3 -122.908
8.4 -118.28
8.5 -113.734
8.6 -109.28
8.7 -104.926
8.8 -100.678
8.9 -96.5416
9 -92.5204
9.1 -88.6173
9.2 -84.8341
9.3 -81.1718
9.4 -77.6308
9.5 -74.2107
9.6 -70.9108
9.7 -67.7297
9.8 -64.6659
9.9 -61.7174
10 -58.8819
10.1 -56.157
10.2 -53.5401
10.3 -51.0284
10.4 -48.6192
10.5 -46.3093
10.6 -44.0959
10.7 -41.9759
10.8 -39.9463
10.9 -38.004
11 -36.146
11.1 -34.3693
11.2 -32.6709
11.3 -31.048
11.4 -29.4976
11.5 -28.017
11.6 -26.6035
11.7 -25.2544
11.8 -23.967
11.9 -22.7388
12 -21.5675
12.1 -20.4506
12.2 -19.3859
12.3 -18.371
12.4 -17.404
12.5 -16.4826
12.6 -15.605
12.7 -14.7691
12.8 -13.9732
12.9 -13.2154
13 -12.4941
13.1 -11.8076
13.2 -11.1543
13.3 -10.5327
13.4 -9.94143
13.5 -9.37903
13.6 -8.84417
13.7 -8.33559
13.8 -7.85206
13.9 -7.39242
14 -6.95555
14.1 -6.54037
14.2 -6.14587
14.3 -5.77107
14.4 -5.41504
14.5 -5.07689
14.6 -4.75576
14.7 -4.45084
14.8 -4.16136
14.9 -3.88658
15 -3.62578
15.1 -3.37831
15.2 -3.1435
15.3 -2.92076
15.4 -2.70949
15.5 -2.50914
15.6 -2.31918
15.7 -2.1391
15.8 -1.96842
15.9 -1.80667
16 -1.65343
16.1 -1.50827
16.2 -1.3708
16.3 -1.24063
16.4 -1.11741
16.5 -1.0008
16.6 -0.890459
16.7 -0.786087
16.8 -0.687385
16.9 -0.594071
17 -0.505875
17.1 -0.422544
17.2 -0.343834
17.3 -0.269513
17.4 -0.199361
17.5 -0.133169
17.6 -0.0707378
17.7 -0.0118777
17.8 0.0435916
17.9 0.0958417
18 0.145036
18.1 0.191329
18.2 0.234869
18.3 0.275795
18.4 0.314243
18.5 0.350337
18.6 0.3842
18.7 0.415946
18.8 0.445683
18.9 0.473516
19 0.499543
19.1 0.523858
19.2 0.54655
19.3 0.567703
19.4 0.587399
19.5 0.605713
19.6 0.622718
19.7 0.638484
19.8 0.653075
19.9 0.666554
