0.1 137027
0.2 106198
0.3 92611.8
0.4 82379.8
0.5 73710.4
0.6 66100.4
0.7 59330.5
0.8 53272
0.9 47834.2
1 42946
1.1 38548.2
1.2 34589.6
1.3 31025.6
1.4 27816.6
1.5 24927.3
1.6 22326
1.7 19984.4
1.8 17876.9
1.9 15980.5
2 14274.5
2.1 12740.2
2.2 11360.7
2.3 10120.8
2.4 9006.85
2.5 8006.36
2.6 7108.17
2.7 6302.19
2.8 5579.3
2.9 4931.26
3 4350.66
3.1 3830.79
3.2 3365.59
3.3 2949.6
3.4 2577.9
3.5 2246.04
3.6 1950.01
3.7 1686.19
3.8 1451.31
3.9 1242.43
4 1056.91
4.1 892.335
4.2 746.565
4.3 617.652
4.4 503.846
4.5 403.57
4.6 315.405
4.7 238.071
4.8 170.42
4.9 111.415
5 60.126
5.1 15.716
5.2 -22.5676
5.3 -55.4006
5.4 -83.3903
5.5 -107.082
5.6 -126.963
5.7 -143.474
5.8 -157.008
5.9 -167.915
6 -176.513
6.1 -183.082
6.2 -187.876
6.3 -191.118
6.4 -193.012
6.5 -193.735
6.6 -193.447
6.7 -192.292
6.8 -190.395
6.9 -187.868
7 -184.812
7.1 -181.314
7.2 -177.452
7.3 -173.295
7.4 -168.903
7.5 -164.33
7.6 -159.623
7.7 -154.821
7.8 -149.961
7.9 -145.073
8 -140.185
8.1 -135.318
8.2 -130.493
8.3 -125.726
8.4 -121.031
8.5 -116.421
8.6 -111.905
8.7 -107.491
8.8 -103.185
8.9 -98.9923
9 -94.9169
9.1 -90.9615
9.2 -87.1276
9.3 -83.4162
9.4 -79.8277
9.5 -76.3616
9.6 -73.0171
9.7 -69.7928
9.8 -66.6871
9.9 -63.698
10 -60.823
10.1 -58.0599
10.2 -55.4059
10.3 -52.8582
10.4 -50.4139
10.5 -48.07
10.6 -45.8236
10.7 -43.6714
10.8 -41.6105
10.9 -39.6378
11 -37.7502
11.1 -35.9448
11.2 -34.2184
11.3 -32.5682
11.4 -30.9913
11.5 -29.4849
11.6 -28.0461
11.7 -26.6724
11.8 -25.3611
11.9 -24.1096
12 -22.9156
12.1 -21.7765
12.2 -20.6901
12.3 -19.6541
12.4 -18.6664
12.5 -17.725
12.6 -16.8277
12.7 -15.9726
12.8 -15.158
12.9 -14.3819
13 -13.6427
13.1 -12.9387
13.2 -12.2684
13.3 -11.6301
13.4 -11.0225
13.5 -10.4441
13.6 -9.89368
13.7 -9.36984
13.8 -8.87137
13.9 -8.39712
14 -7.94594
14.1 -7.51677
14.2 -7.10856
14.3 -6.72035
14.4 -6.35118
14.5 -6.00016
14.6 -5.66642
14.7 -5.34916
14.8 -5.04758
14.9 -4.76094
15 -4.48853
15.1 -4.22966
15.2 -3.98369
15.3 -3.75
15.4 -3.528
15.5 -3.31712
15.6 -3.11684
15.7 -2.92663
15.8 -2.74601
15.9 -2.57451
16 -2.4117
16.1 -2.25715
16.2 -2.11046
16.3 -1.97125
16.4 -1.83915
16.5 -1.71381
16.6 -1.59491
16.7 -1.48212
16.8 -1.37516
16.9 -1.27373
17 -1.17756
17.1 -1.0864
17.2 -0.999991
17.3 -0.918106
17.4 -0.840521
17.5 -0.767022
17.6 -0.697409
17.7 -0.631488
17.8 -0.569076
17.9 -0.51
18 -0.454093
18.1 -0.401198
18.2 -0.351165
18.3 -0.303851
18.4 -0.25912
18.5 -0.216844
18.6 -0.176899
18.7 -0.139168
18.8 -0.103541
18.9 -0.0699114
19 -0.038179
19.1 -0.0082482
19.2 0.019972
19.3 0.0465681
19.4 0.0716223
19.5 0.0952128
19.6 0.117414
19.7 0.138296
19.8 0.157927
19.9 0.176371
