0.1 502321
0.2 197521
0.3 133200
0.4 105211
0.5 88322.1
0.6 76247.5
0.7 66785.5
0.8 58979.7
0.9 52344
1 46599
1.1 41567.1
1.2 37126.3
1.3 33187.1
1.4 29680.3
1.5 26550.8
1.6 23752.9
1.7 21248.4
1.8 19004.4
1.9 16992.4
2 15187.7
2.1 13568.5
2.2 12115.4
2.3 10811.4
2.4 9641.04
2.5 8590.83
2.6 7648.55
2.7 6803.28
2.8 6045.23
2.9 5365.62
3 4756.54
3.1 4210.9
3.2 3722.32
3.3 3285.04
3.4 2893.9
3.5 2544.24
3.6 2231.87
3.7 1953.02
3.8 1704.28
3.9 1482.6
4 1285.21
4.1 1109.64
4.2 953.648
4.3 815.216
4.4 692.531
4.5 583.963
4.6 488.039
4.7 403.438
4.8 328.968
4.9 263.557
5 206.244
5.1 156.16
5.2 112.526
5.3 74.6435
5.4 41.882
5.5 13.6769
5.6 -10.4793
5.7 -31.0416
5.8 -48.4185
5.9 -62.976
6 -75.0424
6.1 -84.9114
6.2 -92.846
6.3 -99.0817
6.4 -103.829
6.5 -107.275
6.6 -109.587
6.7 -110.917
6.8 -111.395
6.9 -111.142
7 -110.262
7.1 -108.849
7.2 -106.986
7.3 -104.747
7.4 -102.195
7.5 -99.3893
7.6 -96.3794
7.7 -93.2098
7.8 -89.9193
7.9 -86.542
8 -83.1074
8.1 -79.6412
8.2 -76.1656
8.3 -72.6999
8.4 -69.2605
8.5 -65.8612
8.6 -62.514
8.7 -59.2287
8.8 -56.0135
8.9 -52.8751
9 -49.8189
9.1 -46.8491
9.2 -43.969
9.3 -41.1808
9.4 -38.4861
9.5 -35.8858
9.6 -33.3802
9.7 -30.9689
9.8 -28.6515
9.9 -26.4268
10 -24.2936
10.1 -22.2503
10.2 -20.295
10.3 -18.4257
10.4 -16.6404
10.5 -14.9368
10.6 -13.3125
10.7 -11.7652
10.8 -10.2924
10.9 -8.89174
11 -7.56064
11.1 -6.29667
11.2 -5.09737
11.3 -3.96031
11.4 -2.8831
11.5 -1.86337
11.6 -0.898818
11.7 0.0128242
11.8 0.873765
11.9 1.68616
12 2.45209
12.1 3.1736
12.2 3.85266
12.3 4.49117
12.4 5.09098
12.5 5.65386
12.6 6.18154
12.7 6.67567
12.8 7.13783
12.9 7.56957
13 7.97235
13.1 8.34759
13.2 8.69664
13.3 9.02081
13.4 9.32134
13.5 9.59943
13.6 9.85622
13.7 10.0928
13.8 10.3102
13.9 10.5095
14 10.6915
14.1 10.8573
14.2 11.0076
14.3 11.1433
14.4 11.2652
14.5 11.3741
14.6 11.4707
14.7 11.5556
14.8 11.6295
14.9 11.693
15 11.7468
15.1 11.7913
15.2 11.8272
15.3 11.8549
15.4 11.8749
15.5 11.8876
15.6 11.8936
15.7 11.8932
15.8 11.8868
15.9 11.8748
16 11.8576
16.1 11.8354
16.2 11.8087
16.3 11.7776
16.4 11.7426
16.5 11.7038
16.6 11.6615
16.7 11.616
16.8 11.5675
16.9 11.5162
17 11.4624
17.1 11.4061
17.2 11.3477
17.3 11.2873
17.4 11.2249
17.5 11.1609
17.6 11.0954
17.7 11.0284
17.8 10.9602
17.9 10.8908
18 10.8204
18.1 10.7491
18.2 10.6769
18.3 10.604
18.4 10.5305
18.5 10.4565
18.6 10.382
18.7 10.3071
18.8 10.2319
18.9 10.1564
19 10.0808
19.1 10.005
19.2 9.92921
19.3 9.85338
19.4 9.7776
19.5 9.7019
19.6 9.62632
19.7 9.55091
19.8 9.4757
19.9 9.40074
