0.1 287027
0.2 143698
0.3 109278
0.4 91754.8
0.5 79710.4
0.6 70267.1
0.7 62391.7
0.8 55615.7
0.9 49686.1
1 44446
1.1 39787.8
1.2 35631.2
1.3 31913.2
1.4 28581.9
1.5 25593.9
1.6 22912
1.7 20503.4
1.8 18339.9
1.9 16396
2 14649.5
2.1 13080.3
2.2 11670.6
2.3 10404.4
2.4 9267.27
2.5 8246.36
2.6 7330.07
2.7 6507.95
2.8 5770.62
2.9 5109.62
3 4517.33
3.1 3986.87
3.2 3512.07
3.3 3087.34
3.4 2707.66
3.5 2368.49
3.6 2065.75
3.7 1795.75
3.8 1555.19
3.9 1341.05
4 1150.66
4.1 981.568
4.2 831.599
4.3 698.777
4.4 581.326
4.5 477.644
4.6 386.293
4.7 305.975
4.8 235.524
4.9 173.889
5 120.126
5.1 73.3861
5.2 32.9058
5.3 -2.00086
5.4 -31.95
5.5 -57.4948
5.6 -79.1317
5.7 -97.3063
5.8 -112.418
5.9 -124.824
6 -134.846
6.1 -142.771
6.2 -148.854
6.3 -153.326
6.4 -156.391
6.5 -158.232
6.6 -159.012
6.7 -158.877
6.8 -157.955
6.9 -156.362
7 -154.2
7.1 -151.558
7.2 -148.517
7.3 -145.147
7.4 -141.511
7.5 -137.664
7.6 -133.653
7.7 -129.522
7.8 -125.306
7.9 -121.039
8 -116.747
8.1 -112.455
8.2 -108.184
8.3 -103.952
8.4 -99.7727
8.5 -95.6597
8.6 -91.6235
8.7 -87.6729
8.8 -83.8149
8.9 -80.0553
9 -76.3984
9.1 -72.8477
9.2 -69.4055
9.3 -66.0732
9.4 -62.8517
9.5 -59.7411
9.6 -56.7411
9.7 -53.8507
9.8 -51.0686
9.9 -48.3934
10 -45.823
10.1 -43.3555
10.2 -40.9884
10.3 -38.7192
10.4 -36.5455
10.5 -34.4646
10.6 -32.4736
10.7 -30.5698
10.8 -28.7504
10.9 -27.0126
11 -25.3535
11.1 -23.7704
11.2 -22.2605
11.3 -20.821
11.4 -19.4493
11.5 -18.1427
11.6 -16.8987
11.7 -15.7147
11.8 -14.5883
11.9 -13.5172
12 -12.4989
12.1 -11.5313
12.2 -10.6121
12.3 -9.73938
12.4 -8.91098
12.5 -8.12496
12.6 -7.37944
12.7 -6.6726
12.8 -6.00268
12.9 -5.368
13 -4.76695
13.1 -4.19796
13.2 -3.65954
13.3 -3.15026
13.4 -2.66875
13.5 -2.21369
13.6 -1.78382
13.7 -1.37793
13.8 -0.994877
13.9 -0.633544
14 -0.29288
14.1 0.0281252
14.2 0.330436
14.3 0.614973
14.4 0.882617
14.5 1.13421
14.6 1.37054
14.7 1.59239
14.8 1.80048
14.9 1.99551
15 2.17814
15.1 2.349
15.2 2.50869
15.3 2.65779
15.4 2.79684
15.5 2.92637
15.6 3.04687
15.7 3.15881
15.8 3.26265
15.9 3.3588
16 3.44767
16.1 3.52966
16.2 3.60513
16.3 3.67443
16.4 3.73789
16.5 3.79583
16.6 3.84855
16.7 3.89634
16.8 3.93947
16.9 3.97819
17 4.01275
17.1 4.04339
17.2 4.07032
17.3 4.09376
17.4 4.1139
17.5 4.13094
17.6 4.14505
17.7 4.15641
17.8 4.16517
17.9 4.1715
18 4.17554
18.1 4.17742
18.2 4.17727
18.3 4.17523
18.4 4.17141
18.5 4.16592
18.6 4.15886
18.7 4.15035
18.8 4.14046
18.9 4.1293
19 4.11695
19.1 4.10348
19.2 4.08898
19.3 4.07352
19.4 4.05717
19.5 4.03999
19.6 4.02204
19.7 4.00338
19.8 3.98407
19.9 3.96415
