0.1 181144
0.2 117227
0.3 97513.8
0.4 85137.2
0.5 75475.1
0.6 67325.9
0.7 60230.8
0.8 53961.3
0.9 48378.9
1 43387.2
1.1 38912.8
1.2 34895.9
1.3 31286.6
1.4 28041.7
1.5 25123.4
1.6 22498.4
1.7 20137.1
1.8 18013.1
1.9 16102.7
2 14384.8
2.1 12840.2
2.2 11451.9
2.3 10204.2
2.4 9083.45
2.5 8076.95
2.6 7173.44
2.7 6362.71
2.8 5635.57
2.9 4983.72
3 4399.68
3.1 3876.69
3.2 3408.67
3.3 2990.11
3.4 2616.06
3.5 2282.05
3.6 1984.05
3.7 1718.41
3.8 1481.86
3.9 1271.44
4 1084.48
4.1 918.58
4.2 771.575
4.3 641.513
4.4 526.634
4.5 425.357
4.6 336.254
4.7 258.043
4.8 189.568
4.9 129.79
5 77.7731
5.1 32.6778
5.2 -6.25188
5.3 -39.6948
5.4 -68.2608
5.5 -92.4972
5.6 -112.895
5.7 -129.896
5.8 -143.893
5.9 -155.242
6 -164.258
6.1 -171.226
6.2 -176.399
6.3 -180.003
6.4 -182.241
6.5 -183.293
6.6 -183.319
6.7 -182.464
6.8 -180.854
6.9 -178.602
7 -175.808
7.1 -172.562
7.2 -168.942
7.3 -165.016
7.4 -160.847
7.5 -156.487
7.6 -151.985
7.7 -147.38
7.8 -142.71
7.9 -138.004
8 -133.291
8.1 -128.594
8.2 -123.931
8.3 -119.322
8.4 -114.779
8.5 -110.315
8.6 -105.94
8.7 -101.662
8.8 -97.4877
8.9 -93.4226
9 -89.4703
9.1 -85.6339
9.2 -81.9152
9.3 -78.3153
9.4 -74.8348
9.5 -71.4732
9.6 -68.23
9.7 -65.104
9.8 -62.0935
9.9 -59.1966
10 -56.4113
10.1 -53.7351
10.2 -51.1654
10.3 -48.6997
10.4 -46.335
10.5 -44.0684
10.6 -41.8971
10.7 -39.818
10.8 -37.8281
10.9 -35.9245
11 -34.1042
11.1 -32.3641
11.2 -30.7014
11.3 -29.1131
11.4 -27.5966
11.5 -26.1489
11.6 -24.7675
11.7 -23.4496
11.8 -22.1926
11.9 -20.9942
12 -19.8518
12.1 -18.7632
12.2 -17.726
12.3 -16.738
12.4 -15.7972
12.5 -14.9014
12.6 -14.0488
12.7 -13.2373
12.8 -12.4652
12.9 -11.7307
13 -11.0322
13.1 -10.3679
13.2 -9.73635
13.3 -9.13604
13.4 -8.56552
13.5 -8.02342
13.6 -7.50843
13.7 -7.01928
13.8 -6.55476
13.9 -6.11371
14 -5.69504
14.1 -5.29768
14.2 -4.92062
14.3 -4.5629
14.4 -4.22359
14.5 -3.90182
14.6 -3.59673
14.7 -3.30753
14.8 -3.03344
14.9 -2.77375
15 -2.52774
15.1 -2.29476
15.2 -2.07417
15.3 -1.86536
15.4 -1.66775
15.5 -1.4808
15.6 -1.30398
15.7 -1.13679
15.8 -0.978755
15.9 -0.82942
16 -0.688355
16.1 -0.555147
16.2 -0.429404
16.3 -0.310754
16.4 -0.19884
16.5 -0.0933262
16.6 0.00611105
16.7 0.0997776
16.8 0.187965
16.9 0.270951
17 0.348999
17.1 0.422361
17.2 0.491276
17.3 0.555971
17.4 0.616661
17.5 0.673554
17.6 0.726844
17.7 0.776717
17.8 0.823351
17.9 0.866913
18 0.907563
18.1 0.945454
18.2 0.980729
18.3 1.01353
18.4 1.04398
18.5 1.0722
18.6 1.09833
18.7 1.12245
18.8 1.14469
18.9 1.16515
19 1.18392
19.1 1.20108
19.2 1.21674
19.3 1.23097
19.4 1.24384
19.5 1.25544
19.6 1.26583
19.7 1.27509
19.8 1.28326
19.9 1.29042
