0.1 114085
0.2 100462
0.3 90062.8
0.4 80946
0.5 72792.7
0.6 65463.2
0.7 58862.3
0.8 52913.5
0.9 47551
1 42716.6
1.1 38358.6
1.2 34430.3
1.3 30889.8
1.4 27699.5
1.5 24825.3
1.6 22236.4
1.7 19905
1.8 17806.1
1.9 15917
2 14217.2
2.1 12688.2
2.2 11313.3
2.3 10077.5
2.4 8967.02
2.5 7969.65
2.6 7074.24
2.7 6270.72
2.8 5550.03
2.9 4903.98
3 4325.17
3.1 3806.91
3.2 3343.18
3.3 2928.53
3.4 2558.06
3.5 2227.31
3.6 1932.31
3.7 1669.43
3.8 1435.42
3.9 1227.35
4 1042.57
4.1 878.688
4.2 733.56
4.3 605.245
4.4 491.997
4.5 392.241
4.6 304.563
4.7 227.686
4.8 160.463
4.9 101.86
5 50.9496
5.1 6.89585
5.2 -31.0517
5.3 -63.5677
5.4 -91.2576
5.5 -114.665
5.6 -134.279
5.7 -150.535
5.8 -163.827
5.9 -174.506
6 -182.886
6.1 -189.248
6.2 -193.844
6.3 -196.899
6.4 -198.613
6.5 -199.165
6.6 -198.714
6.7 -197.403
6.8 -195.356
6.9 -192.687
7 -189.494
7.1 -185.865
7.2 -181.877
7.3 -177.6
7.4 -173.093
7.5 -168.409
7.6 -163.595
7.7 -158.691
7.8 -153.732
7.9 -148.749
8 -143.769
8.1 -138.814
8.2 -133.904
8.3 -129.056
8.4 -124.282
8.5 -119.596
8.6 -115.007
8.7 -110.522
8.8 -106.147
8.9 -101.889
9 -97.7492
9.1 -93.7318
9.2 -89.838
9.3 -86.0687
9.4 -82.424
9.5 -78.9036
9.6 -75.5064
9.7 -72.2311
9.8 -69.0758
9.9 -66.0386
10 -63.1172
10.1 -60.3088
10.2 -57.6109
10.3 -55.0206
10.4 -52.5349
10.5 -50.1509
10.6 -47.8653
10.7 -45.6752
10.8 -43.5774
10.9 -41.5687
11 -39.6462
11.1 -37.8067
11.2 -36.0472
11.3 -34.3648
11.4 -32.7565
11.5 -31.2195
11.6 -29.751
11.7 -28.3483
11.8 -27.0087
11.9 -25.7297
12 -24.5087
12.1 -23.3434
12.2 -22.2314
12.3 -21.1705
12.4 -20.1585
12.5 -19.1932
12.6 -18.2727
12.7 -17.395
12.8 -16.5582
12.9 -15.7605
13 -15.0002
13.1 -14.2755
13.2 -13.585
13.3 -12.927
13.4 -12.3001
13.5 -11.7029
13.6 -11.134
13.7 -10.5921
13.8 -10.076
13.9 -9.58449
14 -9.11641
14.1 -8.67069
14.2 -8.24629
14.3 -7.84222
14.4 -7.45753
14.5 -7.0913
14.6 -6.74267
14.7 -6.41081
14.8 -6.09493
14.9 -5.79428
15 -5.50814
15.1 -5.23581
15.2 -4.97665
15.3 -4.73002
15.4 -4.49533
15.5 -4.27201
15.6 -4.05952
15.7 -3.85734
15.8 -3.66498
15.9 -3.48196
16 -3.30784
16.1 -3.14219
16.2 -2.98461
16.3 -2.8347
16.4 -2.6921
16.5 -2.55646
16.6 -2.42744
16.7 -2.30471
16.8 -2.18799
16.9 -2.07696
17 -1.97138
17.1 -1.87095
17.2 -1.77545
17.3 -1.68463
17.4 -1.59826
17.5 -1.51612
17.6 -1.43802
17.7 -1.36375
17.8 -1.29314
17.9 -1.22599
18 -1.16215
18.1 -1.10146
18.2 -1.04375
18.3 -0.988887
18.4 -0.93673
18.5 -0.887148
18.6 -0.840015
18.7 -0.795211
18.8 -0.752623
18.9 -0.712144
19 -0.673669
19.1 -0.637101
19.2 -0.602347
19.3 -0.569319
19.4 -0.537932
19.5 -0.508105
19.6 -0.479764
19.7 -0.452834
19.8 -0.427247
19.9 -0.402937
