0.1 122909
0.2 102668
0.3 91043.2
0.4 81497.5
0.5 73145.7
0.6 65708.2
0.7 59042.4
0.8 53051.4
0.9 47659.9
1 42804.9
1.1 38431.5
1.2 34491.5
1.3 30942
1.4 27744.6
1.5 24864.5
1.6 22270.9
1.7 19935.6
1.8 17833.3
1.9 15941.4
2 14239.2
2.1 12708.2
2.2 11331.5
2.3 10094.1
2.4 8982.34
2.5 7983.77
2.6 7087.29
2.7 6282.82
2.8 5561.29
2.9 4914.48
3 4334.97
3.1 3816.1
3.2 3351.8
3.3 2936.64
3.4 2565.69
3.5 2234.52
3.6 1939.11
3.7 1675.87
3.8 1441.53
3.9 1233.15
4 1048.08
4.1 883.937
4.2 738.562
4.3 610.017
4.4 496.554
4.5 396.599
4.6 308.733
4.7 231.68
4.8 164.292
4.9 105.535
5 54.479
5.1 10.2882
5.2 -27.7886
5.3 -60.4265
5.4 -88.2317
5.5 -111.749
5.6 -131.465
5.7 -147.82
5.8 -161.204
5.9 -171.971
6 -180.435
6.1 -186.876
6.2 -191.548
6.3 -194.675
6.4 -196.458
6.5 -197.076
6.6 -196.688
6.7 -195.437
6.8 -193.448
6.9 -190.834
7 -187.693
7.1 -184.114
7.2 -180.175
7.3 -175.944
7.4 -171.481
7.5 -166.84
7.6 -162.067
7.7 -157.202
7.8 -152.282
7.9 -147.335
8 -142.39
8.1 -137.469
8.2 -132.592
8.3 -127.775
8.4 -123.032
8.5 -118.375
8.6 -113.814
8.7 -109.356
8.8 -105.008
8.9 -100.775
9 -96.6599
9.1 -92.6663
9.2 -88.7955
9.3 -85.0485
9.4 -81.4254
9.5 -77.9259
9.6 -74.549
9.7 -71.2933
9.8 -68.1571
9.9 -65.1384
10 -62.2348
10.1 -59.4439
10.2 -56.7628
10.3 -54.1889
10.4 -51.7191
10.5 -49.3505
10.6 -47.08
10.7 -44.9045
10.8 -42.8209
10.9 -40.8261
11 -38.917
11.1 -37.0906
11.2 -35.3438
11.3 -33.6738
11.4 -32.0776
11.5 -30.5524
11.6 -29.0953
11.7 -27.7037
11.8 -26.375
11.9 -25.1066
12 -23.8959
12.1 -22.7407
12.2 -21.6386
12.3 -20.5873
12.4 -19.5846
12.5 -18.6285
12.6 -17.7169
12.7 -16.8479
12.8 -16.0196
12.9 -15.2303
13 -14.4781
13.1 -13.7614
13.2 -13.0786
13.3 -12.4282
13.4 -11.8087
13.5 -11.2188
13.6 -10.657
13.7 -10.122
13.8 -9.61269
13.9 -9.12781
14 -8.66623
14.1 -8.22687
14.2 -7.80871
14.3 -7.41073
14.4 -7.03201
14.5 -6.67163
14.6 -6.32873
14.7 -6.00248
14.8 -5.6921
14.9 -5.39684
15 -5.11598
15.1 -4.84883
15.2 -4.59474
15.3 -4.35309
15.4 -4.12328
15.5 -3.90475
15.6 -3.69695
15.7 -3.49937
15.8 -3.31153
15.9 -3.13294
16 -2.96317
16.1 -2.80179
16.2 -2.6484
16.3 -2.5026
16.4 -2.36404
16.5 -2.23236
16.6 -2.10723
16.7 -1.98833
16.8 -1.87536
16.9 -1.76803
17 -1.66606
17.1 -1.5692
17.2 -1.4772
17.3 -1.38981
17.4 -1.30682
17.5 -1.22801
17.6 -1.15317
17.7 -1.08211
17.8 -1.01465
17.9 -0.950612
18 -0.889823
18.1 -0.832126
18.2 -0.777371
18.3 -0.725411
18.4 -0.676111
18.5 -0.629339
18.6 -0.58497
18.7 -0.542887
18.8 -0.502976
18.9 -0.465131
19 -0.42925
19.1 -0.395234
19.2 -0.362994
19.3 -0.332439
19.4 -0.303488
19.5 -0.27606
19.6 -0.25008
19.7 -0.225476
19.8 -0.20218
19.9 -0.180127
