0.1 211144
0.2 124727
0.3 100847
0.4 87012.2
0.5 76675.1
0.6 68159.2
0.7 60843.1
0.8 54430.1
0.9 48749.3
1 43687.2
1.1 39160.7
1.2 35104.3
1.3 31464.1
1.4 28194.7
1.5 25256.7
1.6 22615.5
1.7 20240.9
1.8 18105.7
1.9 16185.8
2 14459.8
2.1 12908.3
2.2 11513.8
2.3 10260.9
2.4 9135.53
2.5 8124.95
2.6 7217.81
2.7 6403.86
2.8 5673.83
2.9 5019.39
3 4433.01
3.1 3907.91
3.2 3437.97
3.3 3017.66
3.4 2642.02
3.5 2306.54
3.6 2007.2
3.7 1740.33
3.8 1502.64
3.9 1291.16
4 1103.23
4.1 936.427
4.2 788.582
4.3 657.738
4.4 542.13
4.5 440.172
4.6 350.432
4.7 271.624
4.8 202.589
4.9 142.284
5 89.7731
5.1 44.2118
5.2 4.84279
5.3 -29.0149
5.4 -57.9727
5.5 -82.5798
5.6 -103.329
5.7 -120.662
5.8 -134.975
5.9 -146.623
6 -155.925
6.1 -163.164
6.2 -168.594
6.3 -172.444
6.4 -174.917
6.5 -176.192
6.6 -176.432
6.7 -175.781
6.8 -174.366
6.9 -172.301
7 -169.686
7.1 -166.611
7.2 -163.155
7.3 -159.387
7.4 -155.368
7.5 -151.154
7.6 -146.791
7.7 -142.32
7.8 -137.779
7.9 -133.197
8 -128.604
8.1 -124.021
8.2 -119.47
8.3 -114.967
8.4 -110.527
8.5 -106.162
8.6 -101.883
8.7 -97.6983
8.8 -93.6138
8.9 -89.6352
9 -85.7666
9.1 -82.0111
9.2 -78.3708
9.3 -74.8467
9.4 -71.4396
9.5 -68.1491
9.6 -64.9748
9.7 -61.9155
9.8 -58.9698
9.9 -56.1357
10 -53.4113
10.1 -50.7942
10.2 -48.2819
10.3 -45.8719
10.4 -43.5613
10.5 -41.3473
10.6 -39.2271
10.7 -37.1977
10.8 -35.2561
10.9 -33.3995
11 -31.6248
11.1 -29.9292
11.2 -28.3098
11.3 -26.7637
11.4 -25.2882
11.5 -23.8805
11.6 -22.538
11.7 -21.258
11.8 -20.0381
11.9 -18.8757
12 -17.7685
12.1 -16.7141
12.2 -15.7104
12.3 -14.7551
12.4 -13.8461
12.5 -12.9814
12.6 -12.1591
12.7 -11.3773
12.8 -10.6342
12.9 -9.92797
13 -9.25703
13.1 -8.61975
13.2 -8.01459
13.3 -7.44007
13.4 -6.89477
13.5 -6.37733
13.6 -5.88646
13.7 -5.4209
13.8 -4.97946
13.9 -4.561
14 -4.16443
14.1 -3.7887
14.2 -3.43282
14.3 -3.09584
14.4 -2.77683
14.5 -2.47494
14.6 -2.18933
14.7 -1.91922
14.8 -1.66383
14.9 -1.42246
15 -1.19441
15.1 -0.979031
15.2 -0.775693
15.3 -0.5838
15.4 -0.402783
15.5 -0.232101
15.6 -0.0712385
15.7 0.0802978
15.8 0.222976
15.9 0.357242
16 0.48352
16.1 0.602216
16.2 0.713715
16.3 0.818382
16.4 0.916567
16.5 1.0086
16.6 1.0948
16.7 1.17547
16.8 1.25089
16.9 1.32133
17 1.38706
17.1 1.44832
17.2 1.50534
17.3 1.55834
17.4 1.60755
17.5 1.65315
17.6 1.69534
17.7 1.7343
17.8 1.7702
17.9 1.80321
18 1.83349
18.1 1.86118
18.2 1.88642
18.3 1.90934
18.4 1.93008
18.5 1.94876
18.6 1.96548
18.7 1.98036
18.8 1.9935
18.9 2.00499
19 2.01494
19.1 2.02343
19.2 2.03054
19.3 2.03636
19.4 2.04095
19.5 2.04439
19.6 2.04676
19.7 2.0481
19.8 2.04849
19.9 2.04798
