0.1 802321
0.2 272521
0.3 166533
0.4 123961
0.5 100322
0.6 84580.8
0.7 72907.9
0.8 63667.2
0.9 56047.7
1 49599
1.1 44046.5
1.2 39209.7
1.3 34962.2
1.4 31211
1.5 27884.1
1.6 24924.8
1.7 22286.5
1.8 19930.3
1.9 17823.4
2 15937.7
2.1 14248.8
2.2 12735.3
2.3 11378.5
2.4 10161.9
2.5 9070.83
2.6 8092.34
2.7 7214.8
2.8 6427.89
2.9 5722.34
3 5089.88
3.1 4523.08
3.2 4015.29
3.3 3560.52
3.4 3153.41
3.5 2789.14
3.6 2463.35
3.7 2172.16
3.8 1912.04
3.9 1679.84
4 1472.71
4.1 1288.11
4.2 1123.72
4.3 977.465
4.4 847.49
4.5 732.111
4.6 629.816
4.7 539.246
4.8 459.176
4.9 388.505
5 326.244
5.1 271.5
5.2 223.473
5.3 181.443
5.4 144.763
5.5 112.85
5.6 85.184
5.7 61.2945
5.8 40.7611
5.9 23.2061
6 8.29095
6.1 -4.28788
6.2 -14.8023
6.3 -23.4959
6.4 -30.5864
6.5 -36.2687
6.6 -40.717
6.7 -44.0866
6.8 -46.5165
6.9 -48.1301
7 -49.0377
7.1 -49.3373
7.2 -49.1159
7.3 -48.4509
7.4 -47.4107
7.5 -46.056
7.6 -44.4403
7.7 -42.611
7.8 -40.6097
7.9 -38.4728
8 -36.2324
8.1 -33.9164
8.2 -31.5493
8.3 -29.1522
8.4 -26.7435
8.5 -24.3387
8.6 -21.9515
8.7 -19.5933
8.8 -17.2738
8.9 -15.0011
9 -12.7819
9.1 -10.6216
9.2 -8.52477
9.3 -6.49473
9.4 -4.53412
9.5 -2.64482
9.6 -0.828075
9.7 0.915431
9.8 2.58548
9.9 4.18228
10 5.70637
10.1 7.15861
10.2 8.5401
10.3 9.85216
10.4 11.0963
10.5 12.2741
10.6 13.3874
10.7 14.438
10.8 15.4277
10.9 16.3587
11 17.2327
11.1 18.052
11.2 18.8184
11.3 19.5341
11.4 20.2009
11.5 20.8209
11.6 21.3961
11.7 21.9282
11.8 22.4193
11.9 22.8711
12 23.2854
12.1 23.664
12.2 24.0085
12.3 24.3206
12.4 24.6019
12.5 24.8539
12.6 25.078
12.7 25.2757
12.8 25.4484
12.9 25.5973
13 25.7238
13.1 25.8291
13.2 25.9143
13.3 25.9805
13.4 26.0288
13.5 26.0603
13.6 26.0759
13.7 26.0766
13.8 26.0632
13.9 26.0366
14 25.9976
14.1 25.947
14.2 25.8856
14.3 25.814
14.4 25.7328
14.5 25.6428
14.6 25.5446
14.7 25.4387
14.8 25.3256
14.9 25.2059
15 25.0801
15.1 24.9486
15.2 24.8119
15.3 24.6704
15.4 24.5245
15.5 24.3746
15.6 24.221
15.7 24.0641
15.8 23.9041
15.9 23.7415
16 23.5764
16.1 23.4091
16.2 23.2399
16.3 23.069
16.4 22.8967
16.5 22.7231
16.6 22.5484
16.7 22.3729
16.8 22.1968
16.9 22.0201
17 21.843
17.1 21.6657
17.2 21.4883
17.3 21.311
17.4 21.1338
17.5 20.9569
17.6 20.7803
17.7 20.6042
17.8 20.4287
17.9 20.2538
18 20.0797
18.1 19.9063
18.2 19.7338
18.3 19.5622
18.4 19.3916
18.5 19.222
18.6 19.0535
18.7 18.8861
18.8 18.7199
18.9 18.5548
19 18.391
19.1 18.2285
19.2 18.0672
19.3 17.9073
19.4 17.7487
19.5 17.5914
19.6 17.4356
19.7 17.2811
19.8 17.128
19.9 16.9763
