0.1 110556
0.2 99580
0.3 89670.6
0.4 80725.4
0.5 72651.5
0.6 65365.1
0.7 58790.3
0.8 52858.4
0.9 47507.4
1 42681.3
1.1 38329.4
1.2 34405.7
1.3 30869
1.4 27681.5
1.5 24809.6
1.6 22222.6
1.7 19892.8
1.8 17795.2
1.9 15907.2
2 14208.3
2.1 12680.2
2.2 11306
2.3 10070.8
2.4 8960.9
2.5 7964.01
2.6 7069.01
2.7 6265.88
2.8 5545.53
2.9 4899.79
3 4321.25
3.1 3803.24
3.2 3339.74
3.3 2925.29
3.4 2555
3.5 2224.43
3.6 1929.58
3.7 1666.85
3.8 1432.98
3.9 1225.03
4 1040.36
4.1 876.589
4.2 731.559
4.3 603.336
4.4 490.174
4.5 390.498
4.6 302.895
4.7 226.088
4.8 158.931
4.9 100.39
5 49.5378
5.1 5.53891
5.2 -32.357
5.3 -64.8241
5.4 -92.468
5.5 -115.832
5.6 -135.404
5.7 -151.622
5.8 -164.876
5.9 -175.52
6 -183.866
6.1 -190.196
6.2 -194.762
6.3 -197.788
6.4 -199.474
6.5 -200
6.6 -199.524
6.7 -198.189
6.8 -196.12
6.9 -193.428
7 -190.214
7.1 -186.565
7.2 -182.558
7.3 -178.262
7.4 -173.737
7.5 -169.036
7.6 -164.206
7.7 -159.286
7.8 -154.312
7.9 -149.315
8 -144.321
8.1 -139.352
8.2 -134.429
8.3 -129.568
8.4 -124.783
8.5 -120.085
8.6 -115.484
8.7 -110.988
8.8 -106.603
8.9 -102.334
9 -98.1849
9.1 -94.158
9.2 -90.255
9.3 -86.4768
9.4 -82.8235
9.5 -79.2947
9.6 -75.8893
9.7 -72.6062
9.8 -69.4433
9.9 -66.3988
10 -63.4701
10.1 -60.6548
10.2 -57.9502
10.3 -55.3533
10.4 -52.8612
10.5 -50.471
10.6 -48.1794
10.7 -45.9835
10.8 -43.88
10.9 -41.8658
11 -39.9379
11.1 -38.0932
11.2 -36.3286
11.3 -34.6412
11.4 -33.0281
11.5 -31.4864
11.6 -30.0133
11.7 -28.6061
11.8 -27.2622
11.9 -25.9789
12 -24.7538
12.1 -23.5845
12.2 -22.4685
12.3 -21.4038
12.4 -20.388
12.5 -19.4191
12.6 -18.495
12.7 -17.6138
12.8 -16.7736
12.9 -15.9726
13 -15.209
13.1 -14.4812
13.2 -13.7876
13.3 -13.1266
13.4 -12.4967
13.5 -11.8966
13.6 -11.3248
13.7 -10.7802
13.8 -10.2613
13.9 -9.76716
14 -9.29648
14.1 -8.84822
14.2 -8.42133
14.3 -8.01482
14.4 -7.62773
14.5 -7.25916
14.6 -6.90824
14.7 -6.57414
14.8 -6.25606
14.9 -5.95326
15 -5.665
15.1 -5.3906
15.2 -5.12941
15.3 -4.88079
15.4 -4.64415
15.5 -4.41892
15.6 -4.20455
15.7 -4.00053
15.8 -3.80636
15.9 -3.62157
16 -3.44571
16.1 -3.27835
16.2 -3.11909
16.3 -2.96754
16.4 -2.82333
16.5 -2.6861
16.6 -2.55552
16.7 -2.43126
16.8 -2.31304
16.9 -2.20054
17 -2.0935
17.1 -1.99165
17.2 -1.89475
17.3 -1.80255
17.4 -1.71483
17.5 -1.63137
17.6 -1.55196
17.7 -1.47641
17.8 -1.40453
17.9 -1.33615
18 -1.27109
18.1 -1.20919
18.2 -1.1503
18.3 -1.09428
18.4 -1.04098
18.5 -0.990272
18.6 -0.942033
18.7 -0.896141
18.8 -0.852482
18.9 -0.810949
19 -0.771436
19.1 -0.733848
19.2 -0.698089
19.3 -0.664071
19.4 -0.631709
19.5 -0.600924
19.6 -0.571637
19.7 -0.543777
19.8 -0.517274
19.9 -0.492062
