6 593.3
6.1 429.436
6.2 297.766
6.3 192.528
6.4 108.953
6.5 43.096
6.6 -8.30129
6.7 -47.9289
6.8 -78.0048
6.9 -100.355
7 -116.483
7.1 -127.622
7.2 -134.783
7.3 -138.794
7.4 -140.331
7.5 -139.944
7.6 -138.082
7.7 -135.105
7.8 -131.307
7.9 -126.922
8 -122.138
8.1 -117.104
8.2 -111.938
8.3 -106.731
8.4 -101.555
8.5 -96.4636
8.6 -91.4975
8.7 -86.6861
8.8 -82.05
8.9 -77.6029
9 -73.353
9.1 -69.3039
9.2 -65.4562
9.3 -61.8075
9.4 -58.3537
9.5 -55.0893
9.6 -52.0076
9.7 -49.1014
9.8 -46.3628
9.9 -43.7838
10 -41.3565
10.1 -39.0728
10.2 -36.9247
10.3 -34.9047
10.4 -33.0053
10.5 -31.2194
10.6 -29.5401
10.7 -27.961
10.8 -26.4758
10.9 -25.0789
11 -23.7646
11.1 -22.5279
11.2 -21.3637
11.3 -20.2677
11.4 -19.2353
11.5 -18.2628
11.6 -17.3462
11.7 -16.482
11.8 -15.667
11.9 -14.8981
12 -14.1725
12.1 -13.4873
12.2 -12.8401
12.3 -12.2286
12.4 -11.6506
12.5 -11.1041
12.6 -10.587
12.7 -10.0977
12.8 -9.63443
12.9 -9.19569
13 -8.78
13.1 -8.386
13.2 -8.01242
13.3 -7.65806
13.4 -7.32182
13.5 -7.00263
13.6 -6.69954
13.7 -6.41162
13.8 -6.13801
13.9 -5.87791
14 -5.63056
14.1 -5.39526
14.2 -5.17134
14.3 -4.95818
14.4 -4.7552
14.5 -4.56184
14.6 -4.37758
14.7 -4.20195
14.8 -4.03448
14.9 -3.87474
15 -3.72233
15.1 -3.57686
15.2 -3.43798
15.3 -3.30536
15.4 -3.17866
15.5 -3.05759
15.6 -2.94186
15.7 -2.83121
15.8 -2.72539
15.9 -2.62415
16 -2.52728
16.1 -2.43454
16.2 -2.34576
16.3 -2.26073
16.4 -2.17927
16.5 -2.10121
16.6 -2.0264
16.7 -1.95468
16.8 -1.8859
16.9 -1.81993
17 -1.75663
17.1 -1.69589
17.2 -1.63759
17.3 -1.58161
17.4 -1.52785
17.5 -1.47621
17.6 -1.42659
17.7 -1.37891
17.8 -1.33308
17.9 -1.28901
18 -1.24664
18.1 -1.20588
18.2 -1.16667
18.3 -1.12894
18.4 -1.09262
18.5 -1.05766
18.6 -1.024
18.7 -0.991576
18.8 -0.960348
18.9 -0.930261
19 -0.901268
19.1 -0.873324
19.2 -0.846386
19.3 -0.820412
19.4 -0.795363
19.5 -0.771202
19.6 -0.747893
19.7 -0.725401
19.8 -0.703695
19.9 -0.682743
20 -0.662515
20.1 -0.642983
20.2 -0.624119
20.3 -0.605898
20.4 -0.588294
20.5 -0.571285
20.6 -0.554846
20.7 -0.538956
20.8 -0.523595
20.9 -0.508742
21 -0.494379
21.1 -0.480486
21.2 -0.467047
21.3 -0.454044
21.4 -0.441462
21.5 -0.429284
21.6 -0.417497
21.7 -0.406085
21.8 -0.395036
21.9 -0.384336
22 -0.373972
22.1 -0.363934
22.2 -0.354208
22.3 -0.344784
22.4 -0.335651
22.5 -0.326799
22.6 -0.318218
22.7 -0.309899
22.8 -0.301833
22.9 -0.29401
23 -0.286424
23.1 -0.279064
23.2 -0.271924
23.3 -0.264997
23.4 -0.258274
23.5 -0.251749
23.6 -0.245416
23.7 -0.239269
23.8 -0.2333
23.9 -0.227504
24 -0.221875
24.1 -0.216408
24.2 -0.211098
24.3 -0.205939
24.4 -0.200926
24.5 -0.196056
24.6 -0.191322
24.7 -0.186721
24.8 -0.182249
24.9 -0.177902
25 -0.173674
25.1 -0.169564
25.2 -0.165567
25.3 -0.161679
25.4 -0.157897
25.5 -0.154218
25.6 -0.150638
25.7 -0.147156
25.8 -0.143766
