# ORDER OF GMN: 12
# ORDER OF RICHARDSON EXTRAPOLATION: 10
# H VALUES: 1; 0.5; 0.25
# LEFT RIGID BOUNDARY: 4
# RIGHT RIGID BOUNDARY: 40
J = 1
12.079464
34.856943
56.163727
75.999802
94.365154
111.259767
126.683620
140.636685
153.118931
164.130314
173.670774
181.740229
188.338553
193.465541
197.120797
199.303309

J = 2
12.352421
35.118911
56.414487
76.239115
94.592750
111.475343
126.886829
140.827132
153.296150
164.293753
173.819763
181.873930
188.455876
193.564976
197.200031
199.357926

J = 3
12.761717
35.511718
56.790479
76.597929
94.933982
111.798536
127.191464
141.112609
153.561771
164.538685
174.042995
182.074197
188.631525
193.713714
197.318320
199.438864

J = 4
13.307185
36.035192
57.291524
77.076059
95.388656
112.229143
127.597308
141.492887
153.915545
164.864838
174.340168
182.340683
188.865093
193.911252
197.474974
199.544862

J = 5
13.988600
36.689103
57.917382
77.673257
95.956513
112.766891
128.104072
141.967658
154.357139
165.271847
174.710875
182.672927
189.156037
194.156911
197.669052
199.674094

J = 6
14.805684
37.473162
58.667756
78.389212
96.637229
113.411440
128.711395
142.536534
154.886136
165.759256
175.154606
183.070346
189.503665
194.449825
197.899336
199.823957

J = 7
15.758100
38.387024
59.542287
79.223552
97.430413
114.162378
129.418843
143.199051
155.502033
166.326513
175.670746
183.532234
189.907140
194.788935
198.164304
199.990579

J = 8
16.845457
39.430283
60.540557
80.175841
98.335610
115.019226
130.225905
143.954663
156.204240
166.972969
176.258569
184.057757
190.365464
195.172969
198.462076

J = 9
18.067308
40.602477
61.662086
81.245580
99.352297
115.981433
131.131998
144.802745
156.992077
167.697877
176.917236
184.645950
190.877478
195.600426
198.790351

J = 10
19.423146
41.903086
62.906334
82.432207
100.479887
117.048380
132.136462
145.742590
157.864778
168.500391
177.645795
185.295707
191.441842
196.069548
199.146297

J = 11
20.912412
43.331531
64.272701
83.735095
101.717721
118.219373
133.238561
146.773405
158.821481
169.379560
178.443172
186.005779
192.057028
196.578291
199.526380

J = 12
22.534486
44.887171
65.760523
85.153553
103.065077
119.493648
134.437480
147.894315
159.861230
170.334324
179.308166
186.774759
192.721299
197.124273
199.926050

J = 13
24.288694
46.569310
67.369076
86.686827
104.521160
120.870366
135.732325
149.104355
160.982974
171.363514
180.239445
187.601075
193.432689
197.704716

J = 14
26.174304
48.377190
69.097574
88.334093
106.085107
122.348613
137.122121
150.402474
162.185560
172.465844
181.235538
188.482977
194.188974
198.316358

J = 15
28.190525
50.309994
70.945167
90.094465
107.755986
123.927400
138.605809
151.787525
163.467730
173.639907
182.294824
189.418519
194.987634
198.955311

J = 16
30.336510
52.366844
72.910942
91.966988
109.532790
125.605660
140.182247
153.258270
164.828120
174.884166
183.415523
190.405539
195.825811
199.616857

J = 17
32.611352
54.546802
74.993922
93.950638
111.414441
127.382248
141.850204
154.813371
166.265250
176.196951
184.595684
191.441636
196.700238

J = 18
35.014088
56.848866
77.193064
96.044323
113.399786
129.255936
143.608359
156.451389
167.777524
177.576445
185.833166
192.524136
197.607154

J = 19
37.543692
59.271976
79.507261
98.246880
115.487597
131.225413
145.455301
158.170777
169.363218
179.020677
187.125625
193.650054
198.542174

J = 20
40.199083
61.815005
81.935338
100.557077
117.676567
133.289284
147.389519
159.969879
171.020477
180.527508
188.470484
194.816040
199.500090

J = 21
42.979116
64.476766
84.476053
102.973605
119.965310
135.446064
149.409403
161.846920
172.747303
182.094617
189.864910
196.018310

J = 22
45.882587
67.256006
87.128096
105.495084
122.352358
137.694177
151.513240
163.800005
174.541545
183.719481
191.305775
197.252545

J = 23
48.908233
70.151407
89.890085
108.120057
124.836161
140.031953
153.699205
165.827103
176.400889
185.399356
192.789610
198.513756

J = 24
52.054725
73.161585
92.760569
110.846987
127.415079
142.457623
155.965360
167.926047
178.322840
187.131247
194.312545
199.796071

J = 25
55.320673
76.285090
95.738022
113.674260
130.087383
144.969314
158.309643
170.094517
180.304708
188.911876
195.870226

J = 26
58.704624
79.520400
98.820844
116.600176
132.851251
147.565045
160.729863
172.330033
182.343583
190.737639
197.457705

J = 27
62.205060
82.865928
102.007358
119.622952
135.704765
150.242722
163.223691
174.629935
184.436311
192.604550
199.069277

J = 28
65.820396
86.320011
105.295810
122.740715
138.645903
153.000130
165.788649
176.991372
186.579462
194.508171

J = 29
69.548982
89.880915
108.684363
125.951501
141.672536
155.834924
168.422098
179.411273
188.769290
196.443512

J = 30
73.389099
93.546832
112.171097
129.253249
144.782425
158.744625
171.121223
181.886332
191.001680
198.404895

J = 31
77.338959
97.315875
115.754004
132.643800
147.973209
161.726603
173.883017
184.412968
193.272081

J = 32
81.396701
101.186078
119.430986
136.120886
151.242401
164.778072
176.704260
186.987289
195.575419

J = 33
85.560391
105.155394
123.199853
139.682132
154.587380
167.896070
179.581495
189.605045
197.905976

J = 34
89.828023
109.221690
127.058314
143.325044
158.005378
171.077445
182.510996
192.261562

J = 35
94.197511
113.382746
131.003975
147.047000
161.493467
174.318835
185.488731
194.951661

J = 36
98.666688
117.636248
135.034335
150.845250
165.048552
177.616640
188.510314
197.669544

J = 37
103.233308
121.979787
139.146775
154.716895
168.667344
180.966997
191.570944

J = 38
107.895037
126.410853
143.338554
158.658883
172.346350
184.365741
194.665330

J = 39
112.649451
130.926830
147.606802
162.667993
176.081842
187.808358
197.787575

J = 40
117.494035
135.524990
151.948505
166.740816
179.869830
191.289926

J = 41
122.426174
140.202483
156.360499
170.873740
183.706028
194.805039

J = 42
127.443153
144.956335
160.839452
175.062924
187.585805
198.347705

J = 43
132.542145
149.783432
165.381853
179.304269
191.504131

J = 44
137.720212
154.680514
169.983989
183.593385
195.455500

J = 45
142.974290
159.644161
174.641924
187.925543
199.433835

J = 46
148.301185
164.670775
179.351472
192.295626

J = 47
153.697564
169.756568
184.108165
196.698054

J = 48
159.159939
174.897537
188.907206

J = 49
164.684655
180.089437
193.743423

J = 50
170.267878
185.327756
198.611199

J = 51
175.905570
190.607670

J = 52
181.593470
195.923997

J = 53
187.327067

J = 54
193.101564

J = 55
198.911838

J = 56

J = 57

J = 58

J = 59

J = 60

