# ORDER OF GMN: 12
# ORDER OF RICHARDSON EXTRAPOLATION: 10
# H VALUES: 0.125; 0.0625; 0.03125
# LEFT RIGID BOUNDARY: 4
# RIGHT RIGID BOUNDARY: 40
J = 1
12.079464
34.856943
56.163726
75.999801
94.365153
111.259765
126.683617
140.636683
153.118929
164.130311
173.670772
181.740227
188.338552
193.465539
197.120796
199.303308

J = 2
12.352421
35.118911
56.414487
76.239114
94.592749
111.475341
126.886827
140.827129
153.296147
164.293750
173.819761
181.873928
188.455874
193.564975
197.200030
199.357926

J = 3
12.761717
35.511718
56.790479
76.597928
94.933981
111.798534
127.191462
141.112607
153.561768
164.538682
174.042993
182.074194
188.631523
193.713713
197.318319
199.438863

J = 4
13.307184
36.035192
57.291523
77.076058
95.388655
112.229141
127.597306
141.492885
153.915542
164.864835
174.340165
182.340681
188.865091
193.911251
197.474973
199.544862

J = 5
13.988600
36.689103
57.917382
77.673256
95.956512
112.766889
128.104070
141.967655
154.357137
165.271845
174.710873
182.672925
189.156035
194.156909
197.669051
199.674094

J = 6
14.805684
37.473162
58.667756
78.389211
96.637227
113.411438
128.711393
142.536532
154.886134
165.759254
175.154604
183.070344
189.503663
194.449824
197.899336
199.823956

J = 7
15.758100
38.387023
59.542287
79.223551
97.430412
114.162376
129.418840
143.199048
155.502031
166.326511
175.670744
183.532232
189.907138
194.788934
198.164303
199.990579

J = 8
16.845457
39.430282
60.540556
80.175840
98.335608
115.019224
130.225903
143.954661
156.204237
166.972966
176.258567
184.057755
190.365462
195.172968
198.462075

J = 9
18.067308
40.602477
61.662085
81.245579
99.352296
115.981432
131.131996
144.802743
156.992075
167.697875
176.917234
184.645948
190.877476
195.600424
198.790350

J = 10
19.423146
41.903086
62.906334
82.432206
100.479885
117.048379
132.136460
145.742588
157.864776
168.500389
177.645793
185.295705
191.441840
196.069547
199.146296

J = 11
20.912412
43.331530
64.272700
83.735094
101.717720
118.219372
133.238559
146.773403
158.821478
169.379557
178.443170
186.005777
192.057026
196.578290
199.526380

J = 12
22.534486
44.887171
65.760522
85.153552
103.065075
119.493646
134.437478
147.894313
159.861228
170.334322
179.308164
186.774757
192.721298
197.124272
199.926049

J = 13
24.288694
46.569310
67.369076
86.686826
104.521158
120.870364
135.732323
149.104353
160.982972
171.363512
180.239443
187.601073
193.432688
197.704715

J = 14
26.174304
48.377190
69.097574
88.334092
106.085106
122.348611
137.122119
150.402472
162.185558
172.465842
181.235536
188.482976
194.188972
198.316357

J = 15
28.190525
50.309994
70.945167
90.094464
107.755984
123.927398
138.605807
151.787523
163.467728
173.639905
182.294822
189.418517
194.987633
198.955310

J = 16
30.336510
52.366844
72.910942
91.966987
109.532788
125.605659
140.182245
153.258268
164.828118
174.884164
183.415521
190.405538
195.825810
199.616856

J = 17
32.611352
54.546802
74.993921
93.950637
111.414439
127.382246
141.850202
154.813369
166.265248
176.196949
184.595682
191.441634
196.700237

J = 18
35.014088
56.848866
77.193063
96.044322
113.399785
129.255934
143.608358
156.451387
167.777522
177.576443
185.833165
192.524134
197.607153

J = 19
37.543692
59.271975
79.507260
98.246880
115.487595
131.225411
145.455299
158.170775
169.363216
179.020675
187.125623
193.650052
198.542173

J = 20
40.199082
61.815005
81.935337
100.557076
117.676565
133.289282
147.389517
159.969877
171.020475
180.527506
188.470482
194.816039
199.500089

J = 21
42.979116
64.476766
84.476053
102.973604
119.965308
135.446062
149.409401
161.846919
172.747301
182.094615
189.864908
196.018309

J = 22
45.882587
67.256005
87.128095
105.495084
122.352357
137.694176
151.513238
163.800003
174.541543
183.719479
191.305773
197.252544

J = 23
48.908233
70.151407
89.890085
108.120056
124.836160
140.031952
153.699204
165.827101
176.400887
185.399354
192.789608
198.513754

J = 24
52.054724
73.161585
92.760568
110.846987
127.415077
142.457622
155.965358
167.926045
178.322838
187.131245
194.312543
199.796070

J = 25
55.320673
76.285090
95.738021
113.674259
130.087382
144.969312
158.309641
170.094515
180.304706
188.911874
195.870225

J = 26
58.704624
79.520400
98.820843
116.600175
132.851250
147.565044
160.729861
172.330031
182.343581
190.737637
197.457704

J = 27
62.205059
82.865928
102.007358
119.622951
135.704764
150.242721
163.223689
174.629934
184.436309
192.604549
199.069276

J = 28
65.820396
86.320011
105.295810
122.740714
138.645901
153.000128
165.788648
176.991370
186.579461
194.508170

J = 29
69.548982
89.880915
108.684363
125.951500
141.672535
155.834923
168.422096
179.411272
188.769289
196.443511

J = 30
73.389099
93.546832
112.171096
129.253248
144.782423
158.744624
171.121221
181.886331
191.001678
198.404894

J = 31
77.338959
97.315874
115.754003
132.643799
147.973207
161.726602
173.883015
184.412966
193.272079

J = 32
81.396700
101.186078
119.430986
136.120885
151.242400
164.778071
176.704259
186.987287
195.575418

J = 33
85.560391
105.155394
123.199853
139.682132
154.587379
167.896069
179.581494
189.605043
197.905975

J = 34
89.828023
109.221690
127.058314
143.325043
158.005377
171.077444
182.510995
192.261561

J = 35
94.197511
113.382746
131.003975
147.047000
161.493466
174.318833
185.488730
194.951660

J = 36
98.666688
117.636248
135.034335
150.845249
165.048551
177.616638
188.510312
197.669543

J = 37
103.233308
121.979787
139.146774
154.716894
168.667343
180.966996
191.570943

J = 38
107.895037
126.410853
143.338554
158.658882
172.346349
184.365740
194.665329

J = 39
112.649451
130.926830
147.606802
162.667992
176.081841
187.808357
197.787574

J = 40
117.494035
135.524990
151.948505
166.740815
179.869829
191.289925

J = 41
122.426174
140.202483
156.360498
170.873740
183.706027
194.805038

J = 42
127.443152
144.956335
160.839452
175.062924
187.585805
198.347705

J = 43
132.542145
149.783432
165.381853
179.304269
191.504130

J = 44
137.720212
154.680514
169.983988
183.593384
195.455499

J = 45
142.974290
159.644160
174.641923
187.925542
199.433835

J = 46
148.301185
164.670775
179.351472
192.295626

J = 47
153.697564
169.756568
184.108165
196.698054

J = 48
159.159939
174.897537
188.907206

J = 49
164.684655
180.089437
193.743423

J = 50
170.267878
185.327756
198.611198

J = 51
175.905570
190.607670

J = 52
181.593470
195.923997

J = 53
187.327067

J = 54
193.101564

J = 55
198.911838

J = 56

J = 57

J = 58

J = 59

J = 60

