# ORDER OF GMN: 12
# ORDER OF RICHARDSON EXTRAPOLATION: 10
# MU : 34505.2 (A.M.U.); NON-STANDARD UNITS: 0.157217
# H VALUES: 0.25; 0.125; 0.0625
# LEFT RIGID BOUNDARY: 5.5
# RIGHT RIGID BOUNDARY: 55
J = 0
-124.112757
-95.053886
-70.506287
-50.277229
-34.119104
-21.717548
-12.682911
-6.550354
-2.792446
-0.841170
-0.108828

J = 1
-124.000741
-94.948813
-70.408680
-50.187677
-34.038260
-21.646112
-12.621608
-6.499903
-2.753541
-0.814490
-0.095112

J = 2
-123.776728
-94.738689
-70.213495
-50.008611
-33.876620
-21.503307
-12.499094
-6.399132
-2.675929
-0.761469
-0.068484

J = 3
-123.440753
-94.423560
-69.920788
-49.740104
-33.634283
-21.289262
-12.315550
-6.248302
-2.560009
-0.682800
-0.030794

J = 4
-122.992871
-94.003493
-69.530645
-49.382267
-33.311394
-21.004177
-12.071251
-6.047809
-2.406396
-0.579581

J = 5
-122.433154
-93.478578
-69.043181
-48.935248
-32.908149
-20.648316
-11.766568
-5.798195
-2.215933
-0.453399

J = 6
-121.761691
-92.848927
-68.458539
-48.399233
-32.424795
-20.222017
-11.401972
-5.500147
-1.989721
-0.306482

J = 7
-120.978593
-92.114678
-67.776892
-47.774448
-31.861633
-19.725686
-10.978038
-5.154520
-1.729158
-0.142021

J = 8
-120.083987
-91.275989
-66.998444
-47.061156
-31.219014
-19.159808
-10.495452
-4.762342
-1.435994

J = 9
-119.078018
-90.333042
-66.123428
-46.259664
-30.497346
-18.524944
-9.955018
-4.324845
-1.112416

J = 10
-117.960852
-89.286047
-65.152109
-45.370318
-29.697096
-17.821739
-9.357669
-3.843483
-0.761184

J = 11
-116.732672
-88.135233
-64.084785
-44.393509
-28.818790
-17.050927
-8.704479
-3.319976
-0.385870

J = 12
-115.393684
-86.880857
-62.921785
-43.329669
-27.863015
-16.213337
-7.996678
-2.756358

J = 13
-113.944110
-85.523202
-61.663473
-42.179282
-26.830430
-15.309898
-7.235671
-2.155048

J = 14
-112.384194
-84.062575
-60.310247
-40.942875
-25.721759
-14.341652
-6.423063
-1.518956

J = 15
-110.714201
-82.499312
-58.862542
-39.621030
-24.537806
-13.309765
-5.560689
-0.851643

J = 16
-108.934415
-80.833774
-57.320830
-38.214380
-23.279454
-12.215536
-4.650657
-0.157594

J = 17
-107.045143
-79.066353
-55.685623
-36.723616
-21.947673
-11.060415
-3.695404

J = 18
-105.046714
-77.197469
-53.957473
-35.149489
-20.543532
-9.846028
-2.697768

J = 19
-102.939479
-75.227573
-52.136976
-33.492813
-19.068201
-8.574194
-1.661103

J = 20
-100.723812
-73.157147
-50.224771
-31.754473
-17.522966
-7.246963
-0.589443

J = 21
-98.400112
-70.986707
-48.221548
-29.935425
-15.909244
-5.866653

J = 22
-95.968802
-68.716800
-46.128044
-28.036709
-14.228592
-4.435908

J = 23
-93.430329
-66.348014
-43.945051
-26.059449
-12.482733
-2.957768

J = 24
-90.785167
-63.880970
-41.673420
-24.004867
-10.673576
-1.435774

J = 25
-88.033820
-61.316332
-39.314061
-21.874292
-8.803245

J = 26
-85.176816
-58.654802
-36.867951
-19.669166
-6.874120

J = 27
-82.214716
-55.897130
-34.336140
-17.391067
-4.888880

J = 28
-79.148109
-53.044111
-31.719754
-15.041720
-2.850574

J = 29
-75.977619
-50.096589
-29.020004
-12.623016
-0.762705

J = 30
-72.703901
-47.055462
-26.238196
-10.137045

J = 31
-69.327649
-43.921687
-23.375737
-7.586119

J = 32
-65.849590
-40.696279
-20.434151
-4.972819

J = 33
-62.270494
-37.380323
-17.415090
-2.300044

J = 34
-58.591170
-33.974974
-14.320351

J = 35
-54.812475
-30.481467
-11.151896

J = 36
-50.935310
-26.901123
-7.911879

J = 37
-46.960627
-23.235358
-4.602675

J = 38
-42.889433
-19.485696
-1.226921

J = 39
-38.722794
-15.653777

J = 40
-34.461837
-11.741375

J = 41
-30.107759
-7.750416

J = 42
-25.661830
-3.682997

J = 43
-21.125402

J = 44
-16.499918

J = 45
-11.786917

J = 46
-6.988052

J = 47
-2.105099

J = 48

J = 49

J = 50

