50.0000000000   42455.4384177493
60.0000000000   30651.1682668267
70.0000000000   24738.2514986259
80.0000000000   21279.4875775994
90.0000000000   19040.4550933720
100.0000000000   17484.7693132972
110.0000000000   16346.3660628456
120.0000000000   15479.8037931940
130.0000000000   14799.4551202701
140.0000000000   14251.8747207965
150.0000000000   13802.0940457033
160.0000000000   13426.3287236530
170.0000000000   13107.8678831004
180.0000000000   12834.6427788969
190.0000000000   12597.7288091341
200.0000000000   12390.3897214108
210.0000000000   12207.4489679645
220.0000000000   12044.8650990010
230.0000000000   11899.4381653596
240.0000000000   11768.6024329362
250.0000000000   11650.2772808131
260.0000000000   11542.7581371501
270.0000000000   11444.6354822442
280.0000000000   11354.7338609643
290.0000000000   11272.0653802672
300.0000000000   11195.7938405639
310.0000000000   11125.2067746392
320.0000000000   11059.6934368103
330.0000000000   10998.7273187244
340.0000000000   10941.8521438690
350.0000000000   10888.6705607526
360.0000000000   10838.8349480719
370.0000000000   10792.0398863152
380.0000000000   10748.0159543669
390.0000000000   10706.5245872303
400.0000000000   10667.3537893050
410.0000000000   10630.3145418735
420.0000000000   10595.2377772697
430.0000000000   10561.9718182565
440.0000000000   10530.3802013604
450.0000000000   10500.3398187183
460.0000000000   10471.7393254194
470.0000000000   10444.4777691678
480.0000000000   10418.4634069223
490.0000000000   10393.6126794448
500.0000000000   10369.8493197327
510.0000000000   10347.1035753988
520.0000000000   10325.3115283774
530.0000000000   10304.4144980511
540.0000000000   10284.3585161123
550.0000000000   10265.0938633083
560.0000000000   10246.5746597334
570.0000000000   10228.7585015885
580.0000000000   10211.6061383808
590.0000000000   10195.0811854082
600.0000000000   10179.1498671144
610.0000000000   10163.7807875183
620.0000000000   10148.9447244444
630.0000000000   10134.6144447276
640.0000000000   10120.7645379409
650.0000000000   10107.3712665164
660.0000000000   10094.4124304067
670.0000000000   10081.8672446678
680.0000000000   10069.7162285465
690.0000000000   10057.9411048336
700.0000000000   10046.5247083889
710.0000000000   10035.4509028806
720.0000000000   10024.7045048898
730.0000000000   10014.2712146330
740.0000000000   10004.1375526374
750.0000000000   9994.2908017834
760.0000000000   9984.7189541889
770.0000000000   9975.4106624722
780.0000000000   9966.3551949763
790.0000000000   9957.5423945861
800.0000000000   9948.9626408055
810.0000000000   9940.6068147977
820.0000000000   9932.4662671222
830.0000000000   9924.5327879291
840.0000000000   9916.7985793950
850.0000000000   9909.2562302064
860.0000000000   9901.8986919156
870.0000000000   9894.7192570103
880.0000000000   9887.7115385540
890.0000000000   9880.8694512684
900.0000000000   9874.1871939381
910.0000000000   9867.6592330330
920.0000000000   9861.2802874507
930.0000000000   9855.0453142892
940.0000000000   9848.9494955722
950.0000000000   9842.9882258511
960.0000000000   9837.1571006184
970.0000000000   9831.4519054702
980.0000000000   9825.8686059628
990.0000000000   9820.4033381115
1000.0000000000   9815.0523994849
