0.1 0.118657
0.2 0.104329
0.3 0.0886395
0.4 0.072246
0.5 0.05599
0.6 0.0407976
0.7 0.0275372
0.8 0.0168621
0.9 0.00907884
1 0.00408363
1.1 0.00139613
1.2 0.000294151
1.3 1.97315e-05
1.4 3.00615e-12
1.5 1.68141e-05
1.6 0.000271873
1.7 0.0013265
1.8 0.00393535
1.9 0.00882635
2 0.0164928
2.1 0.0270549
2.2 0.040222
2.3 0.0553525
2.4 0.0715838
2.5 0.087989
2.6 0.103721
2.7 0.118113
2.8 0.130731
2.9 0.141371
3 0.150028
3.1 0.156843
3.2 0.162044
3.3 0.165899
3.4 0.16868
3.5 0.170635
3.6 0.171974
3.7 0.17287
3.8 0.173455
3.9 0.173828
4 0.174061
4.1 0.174203
4.2 0.174288
4.3 0.174338
4.4 0.174366
4.5 0.174382
4.6 0.17439
4.7 0.174395
4.8 0.174398
4.9 0.174399
5 0.174399
5.1 0.1744
5.2 0.1744
5.3 0.1744
5.4 0.1744
5.5 0.1744
5.6 0.1744
5.7 0.1744
5.8 0.1744
5.9 0.1744
6 0.1744
6.1 0.1744
6.2 0.1744
6.3 0.1744
6.4 0.1744
6.5 0.1744
6.6 0.1744
6.7 0.1744
6.8 0.1744
6.9 0.1744
7 0.1744
7.1 0.1744
7.2 0.1744
7.3 0.1744
7.4 0.1744
7.5 0.1744
7.6 0.1744
7.7 0.1744
7.8 0.1744
7.9 0.1744
8 0.1744
8.1 0.1744
8.2 0.1744
8.3 0.1744
8.4 0.1744
8.5 0.1744
8.6 0.1744
8.7 0.1744
8.8 0.1744
8.9 0.1744
9 0.1744
9.1 0.1744
9.2 0.1744
9.3 0.1744
9.4 0.1744
9.5 0.1744
9.6 0.1744
9.7 0.1744
9.8 0.1744
9.9 0.1744
10 0.1744
10.1 0.1744
10.2 0.1744
10.3 0.1744
10.4 0.1744
10.5 0.1744
10.6 0.1744
10.7 0.1744
10.8 0.1744
10.9 0.1744
11 0.1744
11.1 0.1744
11.2 0.1744
11.3 0.1744
11.4 0.1744
11.5 0.1744
11.6 0.1744
11.7 0.1744
11.8 0.1744
11.9 0.1744
12 0.1744
12.1 0.1744
12.2 0.1744
12.3 0.1744
12.4 0.1744
12.5 0.1744
12.6 0.1744
12.7 0.1744
12.8 0.1744
12.9 0.1744
13 0.1744
13.1 0.1744
13.2 0.1744
13.3 0.1744
13.4 0.1744
13.5 0.1744
13.6 0.1744
13.7 0.1744
13.8 0.1744
13.9 0.1744
14 0.1744
14.1 0.1744
14.2 0.1744
14.3 0.1744
14.4 0.1744
14.5 0.1744
14.6 0.1744
14.7 0.1744
14.8 0.1744
14.9 0.1744
15 0.1744
