0.078539816339745 0.010275774320305
0.062831853071796 0.008208744105390
0.052359877559830 0.006833957496812
0.044879895051283 0.005853571794773
0.039269908169872 0.005119167974724
0.034906585039887 0.004548493129108
0.031415926535898 0.004092287613817
0.028559933214453 0.003719250475880
0.026179938779915 0.003408539240698
0.024166097335306 0.003145738686876
0.022439947525641 0.002920560733445
0.020943951023932 0.002725466099149
0.019634954084936 0.002554803752184
0.018479956785822 0.002404254622313
0.017453292519943 0.002270460972934
0.016534698176788 0.002150773073661
0.015707963267949 0.002043071919713
0.014959965017094 0.001945642675560
0.014279966607226 0.001857082737383
0.013659098493869 0.001776233734849
0.013089969389957 0.001702130596117
0.012566370614359 0.001633962852512
0.012083048667653 0.001571044857811
0.011635528346629 0.001512792658851
0.011219973762821 0.001458705826669
0.010833078115827 0.001408352994628
0.010471975511966 0.001361360401098
0.010134169850290 0.001317402545170
0.009817477042468 0.001276194635183
0.009519977738151 0.001237486471266
0.009239978392911 0.001201057302880
0.008975979010257 0.001166711585080
0.008726646259972 0.001134275557219
0.008490790955648 0.001103594263320
0.008267349088394 0.001074529085788
0.008055365778435 0.001046955583047
0.007853981633974 0.001020761783406
0.007662421106317 0.000995846680468
0.007479982508547 0.000972118870547
0.007306029426953 0.000949495459212
0.007139983303613 0.000927901093094
0.006981317007977 0.000907267094922
0.006829549246934 0.000887530888349
0.006684239688489 0.000868635019107
0.006544984694979 0.000850526963534
0.006411413578755 0.000833158483010
0.006283185307180 0.000816485149048
0.006159985595274 0.000800466094037
0.006041524333827 0.000785063491131
0.005927533308660 0.000770242444420
0.005817764173314 0.000755970644260
0.005711986642891 0.000742218120191
0.005609986881410 0.000728957024406
0.005511566058929 0.000716161449720
0.005416539057913 0.000703807369670
0.005324733311169 0.000691872272293
