0.078539816339745 0.010698521112596
0.062831853071796 0.008545597998880
0.052359877559830 0.007113948643662
0.044879895051283 0.006093132410711
0.039269908169872 0.005328503562672
0.034906585039887 0.004734376753551
0.031415926535898 0.004259444415601
0.028559933214453 0.003871107906805
0.026179938779915 0.003547662486689
0.024166097335306 0.003274097577584
0.022439947525641 0.003039700779651
0.020943951023932 0.002836622206700
0.019634954084936 0.002658978247064
0.018479956785822 0.002502272204205
0.017453292519943 0.002363008349887
0.016534698176788 0.002238428124820
0.015707963267949 0.002126325534809
0.014959965017094 0.002024915396426
0.014279966607226 0.001932737579160
0.013659098493869 0.001848586203978
0.013089969389957 0.001771456670346
0.012566370614359 0.001700505276055
0.012083048667653 0.001635018310747
0.011635528346629 0.001574387914483
0.011219973762821 0.001518093144094
0.010833078115827 0.001465685002776
0.010471975511966 0.001416774415553
0.010134169850290 0.001371022567972
0.009817477042468 0.001328133034506
0.009519977738151 0.001287845386855
0.009239978392911 0.001249929784702
0.008975979010257 0.001214182737217
0.008726646259972 0.001180423393204
0.008490790955648 0.001148490430487
0.008267349088394 0.001118239561899
0.008055365778435 0.001089541266195
0.007853981633974 0.001062279036885
0.007662421106317 0.001036347717077
0.007479982508547 0.001011652095577
0.007306029426953 0.000988105995204
0.007139983303613 0.000965630961302
0.006981317007977 0.000944155500313
0.006829549246934 0.000923614386789
0.006684239688489 0.000903947970153
0.006544984694979 0.000885101519738
0.006411413578755 0.000867024791787
0.006283185307180 0.000849671610383
0.006159985595274 0.000832999361480
0.006041524333827 0.000816968740330
0.005927533308660 0.000801543423798
0.005817764173314 0.000786689760776
0.005711986642891 0.000772376537683
0.005609986881410 0.000758574766223
0.005511566058929 0.000745257564254
0.005416539057913 0.000732399812408
0.005324733311169 0.000719978142496
