0.078539816339745 0.000513936211892
0.062831853071796 0.000328943523645
0.052359877559830 0.000228442187838
0.044879895051283 0.000167839145915
0.039269908169872 0.000128503868512
0.034906585039887 0.000101535016188
0.031415926535898 0.000082243997762
0.028559933214453 0.000067970633278
0.026179938779915 0.000057114461836
0.024166097335306 0.000048665741219
0.022439947525641 0.000041961899254
0.020943951023932 0.000036553554416
0.019634954084936 0.000032127204725
0.018479956785822 0.000028458741434
0.017453292519943 0.000025384528651
0.016534698176788 0.000022782811653
0.015707963267949 0.000020561504693
0.014959965017094 0.000018649907889
0.014279966607226 0.000016993005826
0.013659098493869 0.000015547488489
0.013089969389957 0.000014278856881
0.012566370614359 0.000013159405594
0.012083048667653 0.000012166611081
0.011635528346629 0.000011282066687
0.011219973762821 0.000010490611390
0.010833078115827 0.000009779595262
0.010471975511966 0.000009138487419
0.010134169850290 0.000008558419803
0.009817477042468 0.000008031872772
0.009519977738151 0.000007552476381
0.009239978392911 0.000007114745630
0.008975979010257 0.000006713999807
0.008726646259972 0.000006346181178
0.008490790955648 0.000006007773407
0.008267349088394 0.000005695742679
0.008055365778435 0.000005407399335
0.007853981633974 0.000005140398775
0.007662421106317 0.000004892720089
0.007479982508547 0.000004662496793
0.007306029426953 0.000004448170986
0.007139983303613 0.000004248265061
0.006981317007977 0.000004061564021
0.006829549246934 0.000003886879803
0.006684239688489 0.000003723248200
0.006544984694979 0.000003569721550
0.006411413578755 0.000003425511097
0.006283185307180 0.000003289879460
0.006159985595274 0.000003162115222
0.006041524333827 0.000003041658015
0.005927533308660 0.000002927954666
0.005817764173314 0.000002820523772
0.005711986642891 0.000002718884827
0.005609986881410 0.000002622669652
0.005511566058929 0.000002531435270
0.005416539057913 0.000002444903283
0.005324733311169 0.000002362726048
