0.078539816339745 0.000000158582276
0.062831853071796 0.000000064949609
0.052359877559830 0.000000031320646
0.044879895051283 0.000000016905952
0.039269908169872 0.000000009909532
0.034906585039887 0.000000006186849
0.031415926535898 0.000000004058795
0.028559933214453 0.000000002773175
0.026179938779915 0.000000001956795
0.024166097335306 0.000000001421978
0.022439947525641 0.000000001057404
0.020943951023932 0.000000000801236
0.019634954084936 0.000000000618705
0.018479956785822 0.000000000485250
0.017453292519943 0.000000000389722
0.016534698176788 0.000000000312516
0.015707963267949 0.000000000254555
0.014959965017094 0.000000000206548
0.014279966607226 0.000000000179222
0.013659098493869 0.000000000148195
0.013089969389957 0.000000000123119
0.012566370614359 0.000000000104949
0.012083048667653 0.000000000093715
0.011635528346629 0.000000000078662
0.011219973762821 0.000000000071248
0.010833078115827 0.000000000053671
0.010471975511966 0.000000000051573
0.010134169850290 0.000000000047531
0.009817477042468 0.000000000038526
0.009519977738151 0.000000000038387
0.009239978392911 0.000000000031182
0.008975979010257 0.000000000028084
0.008726646259972 0.000000000029161
0.008490790955648 0.000000000016551
0.008267349088394 0.000000000018856
0.008055365778435 0.000000000008944
0.007853981633974 0.000000000023421
0.007662421106317 0.000000000019488
0.007479982508547 0.000000000010193
0.007306029426953 0.000000000024843
0.007139983303613 0.000000000033422
0.006981317007977 0.000000000018713
0.006829549246934 0.000000000020009
0.006684239688489 0.000000000015639
0.006544984694979 0.000000000003135
0.006411413578755 0.000000000001007
0.006283185307180 0.000000000014180
0.006159985595274 0.000000000003109
0.006041524333827 0.000000000020809
0.005927533308660 0.000000000002226
0.005817764173314 0.000000000012041
0.005711986642891 0.000000000036352
0.005609986881410 0.000000000020042
0.005511566058929 0.000000000025905
0.005416539057913 0.000000000011619
0.005324733311169 0.000000000000687
