0.078539816339745 0.007762440886126
0.062831853071796 0.006207365206454
0.052359877559830 0.005170868159306
0.044879895051283 0.004430782207953
0.039269908169872 0.003875925218390
0.034906585039887 0.003444518760509
0.031415926535898 0.003099499937737
0.028559933214453 0.002817288620376
0.026179938779915 0.002582168938574
0.024166097335306 0.002383263693047
0.022439947525641 0.002212805547982
0.020943951023932 0.002065099922331
0.019634954084936 0.001935876900174
0.018479956785822 0.001821871999114
0.017453292519943 0.001720546682874
0.016534698176788 0.001629897244506
0.015707963267949 0.001548320988697
0.014959965017094 0.001474520731011
0.014279966607226 0.001407435279120
0.013659098493869 0.001346188142790
0.013089969389957 0.001290048986796
0.012566370614359 0.001238404424625
0.012083048667653 0.001190735484271
0.011635528346629 0.001146600138907
0.011219973762821 0.001105619531669
0.010833078115827 0.001067467104243
0.010471975511966 0.001031859870430
0.010134169850290 0.000998551360212
0.009817477042468 0.000967325931431
0.009519977738151 0.000937994128116
0.009239978392911 0.000910388757146
0.008975979010257 0.000884361759362
0.008726646259972 0.000859781516346
0.008490790955648 0.000836530698471
0.008267349088394 0.000814504254991
0.008055365778435 0.000793607959683
0.007853981633974 0.000773757034967
0.007662421106317 0.000754874953699
0.007479982508547 0.000736892451331
0.007306029426953 0.000719746760039
0.007139983303613 0.000703380778610
0.006981317007977 0.000687742518334
0.006829549246934 0.000672784513857
0.006684239688489 0.000658463298679
0.006544984694979 0.000644739058092
0.006411413578755 0.000631575215135
0.006283185307180 0.000618938187802
0.006159985595274 0.000606796899141
0.006041524333827 0.000595122789745
0.005927533308660 0.000583889396319
0.005817764173314 0.000573072249296
0.005711986642891 0.000562648545048
0.005609986881410 0.000552597298529
0.005511566058929 0.000542898848374
0.005416539057913 0.000533534954383
0.005324733311169 0.000524488620708
