0.078539816339745 0.009514556757741
0.062831853071796 0.007602157311304
0.052359877559830 0.006329728348180
0.044879895051283 0.005422119266038
0.039269908169872 0.004742122183124
0.034906585039887 0.004213663025920
0.031415926535898 0.003791168315277
0.028559933214453 0.003445672797237
0.026179938779915 0.003157885933524
0.024166097335306 0.002914464055390
0.022439947525641 0.002705882805438
0.020943951023932 0.002525161941464
0.019634954084936 0.002367069077358
0.018479956785822 0.002227604842813
0.017453292519943 0.002103659891125
0.016534698176788 0.001992780381498
0.015707963267949 0.001893003886720
0.014959965017094 0.001802742234555
0.014279966607226 0.001720696354928
0.013659098493869 0.001645793380158
0.013089969389957 0.001577139430042
0.012566370614359 0.001513983827115
0.012083048667653 0.001455691467246
0.011635528346629 0.001401721461034
0.011219973762821 0.001351610254065
0.010833078115827 0.001304958260561
0.010471975511966 0.001261419267422
0.010134169850290 0.001220691739346
0.009817477042468 0.001182511870992
0.009519977738151 0.001146647885158
0.009239978392911 0.001112895265164
0.008975979010257 0.001081072884744
0.008726646259972 0.001051019777719
0.008490790955648 0.001022592385431
0.008267349088394 0.000995662241660
0.008055365778435 0.000970114136361
0.007853981633974 0.000945844306480
0.007662421106317 0.000922759191512
0.007479982508547 0.000900774094808
0.007306029426953 0.000879812217797
0.007139983303613 0.000859803753411
0.006981317007977 0.000840685094957
0.006829549246934 0.000822398205792
0.006684239688489 0.000804889930797
0.006544984694979 0.000788111571432
0.006411413578755 0.000772018473764
0.006283185307180 0.000756569459664
0.006159985595274 0.000741726565612
0.006041524333827 0.000727454890609
0.005927533308660 0.000713722053556
0.005817764173314 0.000700498109018
0.005711986642891 0.000687755282889
0.005609986881410 0.000675467796533
0.005511566058929 0.000663611623265
0.005416539057913 0.000652164493259
0.005324733311169 0.000641105613614
