0.078539816339745 0.000513936211892
0.062831853071796 0.000328943523645
0.052359877559830 0.000228442187838
0.044879895051283 0.000167839145915
0.039269908169872 0.000128503868512
0.034906585039887 0.000101535016188
0.031415926535898 0.000082243997762
0.028559933214453 0.000067970633278
0.026179938779915 0.000057114461836
0.024166097335306 0.000048665741219
0.022439947525641 0.000041961899254
0.020943951023932 0.000036553554416
0.019634954084936 0.000032127204725
0.018479956785822 0.000028458741434
0.017453292519943 0.000025384528651
0.016534698176788 0.000022782811653
0.015707963267949 0.000020561504693
0.014959965017094 0.000018649907889
0.014279966607226 0.000016993005826
0.013659098493869 0.000015547488489
0.013089969389957 0.000014278856881
0.012566370614359 0.000013159405594
0.012083048667653 0.000012166611081
0.011635528346629 0.000011282066687
0.011219973762821 0.000010490611390
0.010833078115827 0.000009779595262
0.010471975511966 0.000009138487419
0.010134169850290 0.000008558419803
0.009817477042468 0.000008031872772
0.009519977738151 0.000007552476381
0.009239978392911 0.000007114745630
0.008975979010257 0.000006713999807
0.008726646259972 0.000006346181178
0.008490790955648 0.000006007773407
0.008267349088394 0.000005695742679
0.008055365778435 0.000005407399335
0.007853981633974 0.000005140398775
0.007662421106317 0.000004892720089
0.007479982508547 0.000004662496793
0.007306029426953 0.000004448170986
0.007139983303613 0.000004248265061
0.006981317007977 0.000004061564021
0.006829549246934 0.000003886879803
0.006684239688489 0.000003723248200
0.006544984694979 0.000003569721550
0.006411413578755 0.000003425511097
0.006283185307180 0.000003289879460
0.006159985595274 0.000003162115222
0.006041524333827 0.000003041658015
0.005927533308660 0.000002927954666
0.005817764173314 0.000002820523772
0.005711986642891 0.000002718884827
0.005609986881410 0.000002622669652
0.005511566058929 0.000002531435270
0.005416539057913 0.000002444903283
0.005324733311169 0.000002362726048
0.005235987755983 0.000002284626157
0.005150151891131 0.000002210340526
0.005067084925145 0.000002139599409
0.004986655005698 0.000002072198263
0.004908738521234 0.000002008017803
0.004833219467061 0.000001946651542
0.004759988869075 0.000001888142596
0.004688944259089 0.000001832199636
0.004619989196456 0.000001778654243
0.004553032831290 0.000001727528442
0.004487989505128 0.000001678511474
0.004424778385338 0.000001631559368
0.004363323129986 0.000001586537099
0.004303551580260 0.000001543385549
0.004245395477824 0.000001501986632
0.004188790204786 0.000001462165736
0.004133674544197 0.000001423956369
0.004079990459208 0.000001387213443
0.004027682889218 0.000001351862573
0.003976699561506 0.000001317842907
0.003926990816987 0.000001285164767
0.003878509448876 0.000001253601566
0.003831210553158 0.000001223168204
0.003785051389867 0.000001193848035
0.003739991254274 0.000001165610978
0.003695991357164 0.000001138340124
0.003653014713477 0.000001112030185
0.003611026038609 0.000001086628775
0.003569991651807 0.000001062109513
0.003529879386056 0.000001038323770
0.003490658503989 0.000001015332845
0.003452299619329 0.000000993176156
0.003414774623467 0.000000971722181
0.003378056616763 0.000000950900908
0.003342119844244 0.000000930800770
0.003306939635358 0.000000911344271
0.003272492347489 0.000000892419273
0.003238755312979 0.000000874179620
0.003205706789377 0.000000856304014
0.003173325912717 0.000000839184431
